0 0
1 0
-1 0
1 -1
-2 0
2 -1
-2 -1
3 -1
4 -1
-2 1
-2 -2
5 -1
5 -2
6 -2
4 0
-3 0
-3 -2
6 -1
7 -2
6 -3
5 0
-2 2
0 -1
4 -2
6 -4
8 -2
7 -1
6 -5
1 1
5 1
-4 0
-5 0
7 -4
5 -5
1 2
-2 3
-6 0
5 -6
-2 4
5 2
7 0
6 2
8 0
-2 5
6 -6
-6 -1
-1 -2
-7 0
8 -1
4 -5
1 3
6 -7
4 -6
6 -8
8 1
9 1
5 3
-8 0
5 4
6 -9
6 -10
5 -8
5 -10
5 -11
6 -11
-7 1
-9 0
7 -9
7 -5
5 -9
9 -2
-3 2
6 4
8 -9
3 -6
6 5
10 1
6 -12
11 1
-3 -3
9 -3
9 -9
-4 -3
7 -12
10 -9
11 -9
-7 2
-8 2
-2 6
11 -8
12 -9
-10 0
5 -12
10 -2
-3 6
11 -10
12 1
-8 3
-2 7
-1 7
5 -13
-4 6
5 -14
7 5
4 -10
5 5
7 6
-10 -1
-10 -2
8 6
-3 7
5 6
-11 0
7 7
13 1
3 -10
13 2
-5 6
2 -10
10 2
-12 0
14 1
-12 -1
13 -9
14 0
-9 3
11 2
5 -15
-12 -2
15 1
3 -7
7 8
-1 8
11 -11
13 -8
-1 9
14 -8
-13 -1
-12 -3
-8 4
1 -10
-1 10
4 -15
-14 -1
-14 0
-12 -4
-4 -4
-12 -5
15 -8
-1 11
3 -15
-15 -1
12 -11
-13 -5
-8 5
15 -9
-1 12
14 -1
3 -16
-8 6
-14 1
0 12
15 -7
14 -2
-9 5
-1 13
-9 2
-14 2
13 3
15 -10
3 -17
-15 1
15 2
-1 14
16 2
16 -10
13 4
0 -10
15 -11
0 14
-5 -4
1 14
16 3
16 -11
-1 15
-15 2
15 -12
-2 14
-13 -6
15 -13
17 3
17 2
17 -10
-4 7
-1 -10
12 4
-14 -5
-14 3
-15 -5
3 -18
-15 -4
3 -19
18 2
2 -19
2 -20
-15 3
-15 -6
15 -14
-8 7
-1 16
19 2
-2 -10
19 1
-16 -6
-16 -7
0 16
1 -19
16 4
0 -19
1 -20
0 -18
16 -14
-3 8
-12 -6
-15 4
20 1
4 -18
20 0
19 0
8 8
1 -21
16 5
6 8
-2 10
-3 14
-1 -18
8 -12
14 -3
16 -15
-17 -7
-15 -7
-2 16
20 -1
-16 4
0 17
1 -22
21 1
5 -16
-16 5
0 -20
0 18
-17 4
1 17
-18 -7
0 -22
-15 0
22 1
-4 14
-12 -7
23 1
9 8
-16 -5
15 -15
18 -10
-4 8
-2 -9
-18 -8
1 18
-1 -20
16 -16
-17 -8
16 -17
4 -19
15 -16
-17 5
20 -2
-19 -7
-20 -7
-20 -6
15 5
17 -14
1 -23
5 -19
1 -24
15 6
1 12
-16 0
17 -17
18 -17
19 -10
-21 -6
17 -18
22 0
24 1
-22 -6
1 -25
23 0
-17 3
17 -19
16 6
17 5
-3 -10
23 -1
-17 -9
18 -19
-23 -6
1 19
18 -20
24 2
-2 -11
24 3
23 -2
-8 8
2 19
18 -21
19 -21
0 -25
20 -10
-1 18
-15 -8
-20 -5
25 3
-20 -4
3 19
17 -20
-22 -7
-4 15
2 20
24 0
2 -24
-3 16
1 -26
0 -26
17 6
2 21
20 -9
3 21
-18 -9
2 22
26 3
20 -21
3 22
2 23
-14 4
-18 3
0 -27
24 -2
4 -20
-1 -26
-16 6
-5 15
26 2
4 19
-2 -20
-1 -25
-2 -26
-19 3
18 6
-20 3
-20 4
-14 5
3 -24
-21 4
23 -3
1 22
-1 -27
24 -3
-4 16
-20 -3
17 -21
9 9
-3 -26
2 24
-1 -28
24 4
-20 -8
19 6
2 25
-6 15
19 -17
26 4
26 1
-20 -2
4 -24
-8 9
1 -27
-17 6
1 -28
1 -29
20 -22
19 -22
-2 -28
1 25
-22 4
-23 4
27 4
-24 -6
-24 4
-1 -29
-24 -5
1 26
0 26
-21 -4
-15 -9
-24 5
20 -23
-3 -28
4 -25
25 -3
-20 -9
-20 -10
23 4
1 27
20 -11
-1 -11
-25 -5
4 22
-24 6
-25 6
6 -19
-1 26
25 -2
16 -19
-1 -22
1 -30
-1 27
1 28
-3 -25
2 -30
-19 -10
2 -31
-17 -10
-1 19
-2 27
-24 3
2 26
1 29
1 -31
-25 -4
-4 -28
1 -32
25 -4
0 29
3 -30
26 -2
-26 6
26 -4
-7 15
2 -32
2 -33
3 -29
0 -32
-1 29
-22 -8
-6 16
20 -24
-3 -20
2 -34
-26 -5
27 -4
-15 -10
-22 5
28 -4
0 -31
-7 14
-23 6
5 19
4 -29
20 -25
5 20
-1 30
-23 -8
27 -5
-1 -32
1 -34
21 -9
4 -30
1 -35
-2 30
-2 26
2 27
1 -36
2 -35
-16 7
2 29
20 -26
7 -19
-26 5
6 20
-1 31
-1 32
16 7
2 30
-5 -28
-17 -11
-1 33
28 -5
-23 -9
7 20
-24 -9
-2 33
27 5
-3 -11
-27 6
-26 -4
1 -37
-28 6
2 31
-17 -12
21 -26
22 -9
4 -31
0 -35
27 -6
-29 6
1 -38
-3 30
-27 -5
-29 7
-24 7
-28 -5
19 7
26 -6
6 -20
-29 -5
-29 -6
10 8
21 -21
-29 -7
8 20
-2 34
-24 8
20 -27
27 6
-2 35
22 -21
-12 -8
5 -30
-1 35
27 -7
-30 6
28 -7
21 -27
-29 8
-30 7
3 -35
-24 9
-29 9
-2 36
-30 5
-25 9
0 35
24 5
20 -28
23 -21
3 31
28 5
-20 -11
-31 7
23 -20
-5 -29
20 -29
-4 30
23 -9
24 6
-2 -32
-3 36
28 6
-3 27
4 31
-6 -28
-9 9
-31 8
23 -22
20 -30
28 7
-4 31
-7 -28
20 -31
-28 -4
0 -38
-32 7
2 -38
-28 -3
1 -39
-20 5
-25 -9
-33 7
24 -22
3 -38
-34 7
-3 -19
-8 -28
-26 -9
-30 -7
0 -39
-32 6
24 7
-6 -29
-26 -10
28 -8
21 -31
28 8
-31 9
23 -19
28 9
29 -8
-34 8
29 -4
9 10
27 -2
-31 -7
19 -31
-3 37
24 -20
-4 37
-7 16
-18 -12
-35 7
-29 10
3 26
-1 -38
-2 25
-32 5
3 -39
3 32
29 7
-4 38
4 23
-30 10
-30 11
28 10
-26 9
-24 10
18 -31
30 -8
22 -31
31 -8
24 -19
-5 38
28 11
-2 37
25 -19
-8 15
-1 37
-30 12
30 -4
23 5
0 34
19 -32
-35 8
21 -29
28 12
3 -40
30 7
29 12
-1 38
-3 -24
4 -38
-31 5
-27 -9
-3 -23
0 -40
-5 39
4 32
0 -41
30 -3
19 8
-4 36
-1 39
30 -5
21 -25
-1 40
-8 -29
-4 -11
-28 -9
-36 8
-9 -29
5 31
-35 9
4 -40
-6 39
-1 41
19 -33
-31 12
-29 12
18 -32
-1 42
5 -40
19 -34
29 11
0 -42
31 -4
5 -38
-30 4
-7 39
26 -19
-32 4
-35 6
6 -40
-37 8
-32 12
-8 -27
-28 -10
-37 9
3 -41
-36 9
-20 6
-5 31
16 8
24 -23
31 -5
18 -14
28 13
-28 -11
32 -4
-7 40
-1 -42
27 -19
-26 -11
-5 30
-4 39
-1 -43
32 -5
6 -38
23 -10
-20 -12
22 -27
8 21
-8 40
-38 9
20 -34
22 -28
-6 40
-4 27
-32 -7
18 8
-38 10
-39 9
27 -20
-1 43
-2 -42
32 -8
-38 11
8 22
-9 -27
-26 -12
3 -42
3 -43
32 -7
-1 -44
6 -41
-8 41
33 -4
7 -38
24 -24
3 -44
29 13
1 35
7 19
-23 10
-36 6
18 -34
6 -42
34 -4
-16 -12
35 -4
-2 43
30 12
0 -44
3 -45
-8 42
7 -40
-10 -29
33 -7
23 -28
33 -3
-29 -10
-33 12
-9 15
-17 7
-39 8
20 -17
-8 39
3 -46
20 -33
4 33
36 -4
28 -19
23 -31
20 -35
31 12
-30 13
-1 -45
0 42
3 -47
-26 -13
29 9
36 -3
31 7
-32 -8
20 -36
29 14
-2 -44
-33 -8
32 12
-2 44
6 31
20 -37
-39 7
-2 -41
-33 13
3 -48
2 -48
33 12
37 -3
21 -37
-39 6
-3 44
0 -36
-8 43
1 -48
-40 8
-4 44
-9 39
-4 45
-9 42
-9 38
-40 6
-8 44
6 32
33 13
-39 11
26 -20
4 34
29 15
-9 -26
-40 11
-2 45
-41 8
-10 38
29 -19
-40 12
34 12
-8 45
-39 12
1 42
-2 -38
-32 -6
-20 -13
20 -38
21 -35
-34 -8
27 -8
-3 -44
-4 46
29 -20
-29 -3
33 -2
-41 12
-32 -9
-1 -46
6 33
3 -49
20 8
-33 14
-42 8
37 -2
-9 -30
-3 -38
35 12
24 -28
-10 42
6 34
-43 8
29 16
-5 27
2 42
-7 45
7 34
-1 45
-10 37
-9 -25
-10 15
-43 9
28 15
-44 8
-27 -13
-42 12
32 7
-35 -8
0 45
-11 -8
-16 8
-45 8
33 14
-4 -44
-9 44
-7 46
-41 13
35 13
7 32
-43 12
-29 -11
-10 36
3 42
-35 -9
-44 12
-4 47
27 15
-29 13
33 15
6 -43
0 22
38 -2
4 -49
24 -31
-41 14
32 6
-45 9
-3 -37
0 46
4 35
0 47
3 41
36 12
-35 -10
29 -21
5 -49
-27 -14
-7 47
36 11
-2 46
30 -19
-6 47
-46 9
-44 13
-2 -46
-6 48
21 -38
3 -50
6 -49
30 16
-11 38
-47 9
39 -2
0 48
-43 7
0 49
1 46
31 -19
39 -1
-45 7
22 -35
-11 39
-5 -44
7 -49
-20 -14
-2 -47
-9 -31
-2 19
-10 -31
1 47
35 14
32 -19
-12 39
37 12
-27 -15
3 -51
-41 15
36 10
-42 7
-45 12
-27 -16
27 10
31 -20
-45 13
-6 49
-27 -17
3 -52
-34 14
29 17
-46 12
4 -45
39 0
34 -7
-12 40
-41 16
4 42
8 -49
32 -20
40 -2
-46 13
-10 44
-10 -8
-33 15
20 -39
30 17
32 -18
41 -2
