0.000000000000000000e+00
0.000000000000000000e+00
0.000000000000000000e+00
0.000000000000000000e+00
0.000000000000000000e+00
0.000000000000000000e+00
0.000000000000000000e+00
0.000000000000000000e+00
2.454044444444444473e+00
7.356096000000003521e+00
1.691059834710743459e+01
3.710471111111110076e+01
6.923376094674551950e+01
1.171377632653061198e+02
1.874381937777776841e+02
2.552223999999999648e+02
3.836650519031140902e+02
5.108439506172837241e+02
5.861278670360107981e+02
8.286853759999999056e+02
1.010092466213151965e+03
1.271592343801652532e+03
1.331146416635159994e+03
1.991328177777777000e+03
1.932345343999999159e+03
2.094268402366863484e+03
2.621659794787379269e+03
3.032357706122448235e+03
3.650564687752674217e+03
3.151116935111109797e+03
4.386243662851195040e+03
4.525465624999998909e+03
4.708013957759410914e+03
5.386298125951556358e+03
5.437782157061222279e+03
6.503522587654320887e+03
6.887206128853177688e+03
8.850952261495844141e+03
8.823943843261011352e+03
8.600537035999997897e+03
1.074936907459845315e+04
1.160425466122448779e+04
1.082484763136830770e+04
1.277146484628099643e+04
2.084754348562962696e+04
3.599084337240076366e+03
3.047121702127658864e+03
3.646213955555555913e+03
2.972106355685131348e+03
2.105478602239999873e+03
