0.000000000000000000e+00
0.000000000000000000e+00
0.000000000000000000e+00
0.000000000000000000e+00
0.000000000000000000e+00
0.000000000000000000e+00
1.036538775510204236e+00
7.936000000000000831e-01
4.870637037037036876e+00
8.951999999999999957e+00
1.892368925619834030e+01
2.167111111111110588e+01
3.913054674556212120e+01
6.862037551020407022e+01
8.264621511111106145e+01
1.269849999999999710e+02
1.696686505190310754e+02
1.913927703703702718e+02
2.416396055401662011e+02
2.979068639999999846e+02
2.829897723356008328e+02
4.699036561983470506e+02
5.942032332703212205e+02
5.342414555555553761e+02
3.419244134399999098e+02
2.587464236686390109e+02
2.313960032921810637e+02
1.769539918367346729e+02
1.613667538644470483e+02
1.399085226666666131e+02
1.557051404786680564e+02
1.300031499999999767e+02
1.236938108356290087e+02
1.015031750865051663e+02
1.157082122448979220e+02
9.575113086419752051e+01
9.294101504747987974e+01
7.952403767313016658e+01
7.435621406969097791e+01
6.548909999999999343e+01
6.387947745389649867e+01
6.200081995464853435e+01
5.703404131963223733e+01
4.676417851239670398e+01
5.508758439506173232e+01
4.329319017013232695e+01
4.595273879583520937e+01
4.215521111111111452e+01
3.811932761349437015e+01
3.509639935999999949e+01
