-8.000000000000000000e+02
-8.000000000000000000e+02
-8.000000000000000000e+02
-8.000000000000000000e+02
-8.000000000000000000e+02
-8.000000000000000000e+02
-7.999360000000000355e+02
-7.999360000000000355e+02
-7.994719999999999800e+02
-7.990000000000000000e+02
-7.973440000000000509e+02
-7.961599999999999682e+02
-7.923759999999999764e+02
-7.859919999999999618e+02
-7.794959999999999809e+02
-7.691200000000000045e+02
-7.558400000000000318e+02
-7.413680000000000518e+02
-7.239679999999999609e+02
-6.928880000000000337e+02
-6.688479999999999563e+02
-6.100480000000000018e+02
-5.493360000000000127e+02
-4.810960000000000036e+02
-4.383039999999999736e+02
-4.052239999999999895e+02
-3.800559999999999832e+02
-3.515520000000000209e+02
-3.478399999999999750e+02
-3.284639999999999986e+02
-3.133600000000000136e+02
-2.970880000000000223e+02
-2.877200000000000273e+02
-2.745360000000000014e+02
-2.629200000000000159e+02
-2.566879999999999882e+02
-2.452479999999999905e+02
-2.366639999999999873e+02
-2.287280000000000086e+02
-2.245200000000000102e+02
-2.182719999999999914e+02
-2.117439999999999998e+02
-2.000240000000000009e+02
-2.032479999999999905e+02
-1.943040000000000020e+02
-1.850639999999999930e+02
-1.814000000000000057e+02
-1.774559999999999889e+02
-1.757119999999999891e+02
-1.705039999999999907e+02
