-4.000000000000000000e+02
4.000000000000000000e+02
-4.000000000000000000e+02
-4.000000000000000000e+02
-4.000000000000000000e+02
-4.000000000000000000e+02
-3.999839999999999804e+02
-3.999839999999999804e+02
-3.998679999999999950e+02
-3.997400000000000091e+02
3.993240000000000123e+02
3.990079999999999814e+02
-3.979879999999999995e+02
-3.960840000000000032e+02
-3.942799999999999727e+02
3.911759999999999877e+02
-3.862559999999999718e+02
-3.817799999999999727e+02
-3.756120000000000232e+02
3.614320000000000164e+02
3.531560000000000059e+02
-3.114119999999999777e+02
2.476959999999999980e+02
1.113679999999999950e+02
3.472800000000000153e+01
-5.620000000000000107e+00
3.803600000000000136e+01
3.325600000000000023e+01
3.347599999999999909e+01
-1.124399999999999977e+01
-7.959999999999999964e+00
-5.948000000000000398e+00
-3.176000000000000156e+00
-9.672000000000000597e+00
1.596000000000000085e+00
-5.227999999999999758e+00
1.552000000000000046e+00
4.199999999999999845e-01
-3.012000000000000011e+00
-6.443999999999999950e+00
8.451999999999999957e+00
-1.320000000000000062e-01
6.248000000000000220e+00
-6.679999999999999716e+00
2.692000000000000171e+00
7.600000000000000089e-01
4.520000000000000129e-01
-5.424000000000000377e+00
-8.359999999999999654e-01
-2.532000000000000028e+00
