0.000000000000000000e+00
0.000000000000000000e+00
0.000000000000000000e+00
0.000000000000000000e+00
0.000000000000000000e+00
0.000000000000000000e+00
4.534857142857142559e-02
3.968000000000000693e-02
2.739733333333333465e-01
6.444000000000000838e-01
1.380930909090908987e+00
1.779946666666666344e+00
3.796812307692307265e+00
9.566388571428570131e+00
1.133973333333333322e+01
2.073564000000000007e+01
4.328380235294117284e+01
4.680422222222221507e+01
6.997971368421052318e+01
1.450066879999999969e+02
1.488684114285713918e+02
8.347628436363636411e+02
2.455785906086956857e+03
8.983053573333332679e+03
6.926008806399998321e+03
3.371781384615384013e+03
2.353175816296296034e+03
1.862899451428571410e+03
1.502777042758620837e+03
1.445252154666666456e+03
9.666988387096773749e+02
8.963166549999997414e+02
7.330694012121211927e+02
6.725142399999999725e+02
8.334962239999999838e+02
6.861477822222221903e+02
4.649230529729729824e+02
6.918883157894734950e+02
4.228656041025640775e+02
4.065487160000000131e+02
3.901101697560976049e+02
3.823215657142856685e+02
3.045326734883721542e+02
3.978185454545455286e+02
3.108393635555555647e+02
2.431961739130434808e+02
2.532688714893616577e+02
2.579108799999999633e+02
2.379749191836734497e+02
2.455353951999999822e+02
