-2.400000000000000000e+04
-2.400000000000000000e+04
-2.400000000000000000e+04
-2.400000000000000000e+04
-2.400000000000000000e+04
-2.400000000000000000e+04
-2.400000000000000000e+04
-2.400000000000000000e+04
-2.399983199999999852e+04
-2.399935199999999895e+04
-2.399822399999999834e+04
-2.399590399999999863e+04
-2.398971199999999953e+04
-2.398227200000000084e+04
-2.396700800000000163e+04
-2.394678399999999965e+04
-2.391459999999999854e+04
-2.386236000000000058e+04
-2.381772000000000116e+04
-2.373486400000000140e+04
-2.365083199999999852e+04
-2.353458399999999892e+04
-2.341061600000000180e+04
-2.325526399999999921e+04
-2.306384000000000015e+04
-2.284775999999999840e+04
-2.260193600000000151e+04
-2.233432800000000134e+04
-2.200617599999999948e+04
-2.164832800000000134e+04
-2.126088000000000102e+04
-2.082920000000000073e+04
-2.032879999999999927e+04
-1.974160800000000017e+04
-1.910597599999999875e+04
-1.856779200000000128e+04
-1.783006399999999849e+04
-1.706931200000000172e+04
-1.620251200000000063e+04
-1.523663199999999961e+04
-1.422381600000000071e+04
-1.317557599999999911e+04
-1.182153600000000006e+04
-1.000497600000000057e+04
-8.501695999999999913e+03
-7.218631999999999607e+03
-6.917840000000000146e+03
-6.525408000000000357e+03
-6.300119999999999891e+03
-6.061287999999999556e+03
