8.000000000000000000e+03
8.000000000000000000e+03
8.000000000000000000e+03
8.000000000000000000e+03
8.000000000000000000e+03
8.000000000000000000e+03
8.000000000000000000e+03
8.000000000000000000e+03
7.999971999999999753e+03
7.999891999999999825e+03
7.999703999999999724e+03
-7.999315999999999804e+03
7.998279999999999745e+03
-7.997039999999999964e+03
-7.994479999999999563e+03
7.991087999999999738e+03
7.985619999999999891e+03
7.976752000000000407e+03
-7.969123999999999796e+03
-7.954920000000000073e+03
-7.940304000000000087e+03
7.920011999999999716e+03
7.898247999999999593e+03
7.870724000000000160e+03
7.836292000000000371e+03
-7.796652000000000044e+03
7.751247999999999593e+03
-7.701100000000000364e+03
-7.637884000000000015e+03
-7.568079999999999927e+03
-7.489931999999999789e+03
7.401663999999999760e+03
-7.296699999999999818e+03
7.167140000000000327e+03
-7.026015999999999622e+03
6.897787999999999556e+03
6.717340000000000146e+03
-6.517992000000000189e+03
6.282623999999999796e+03
-6.000671999999999571e+03
-5.670923999999999978e+03
5.310220000000000255e+03
-4.719503999999999905e+03
3.726235999999999876e+03
2.349371999999999844e+03
5.771200000000000330e+01
4.328720000000000141e+02
1.133600000000000030e+01
4.047200000000000131e+01
-4.108800000000000097e+01
