0.000000000000000000e+00
0.000000000000000000e+00
0.000000000000000000e+00
0.000000000000000000e+00
0.000000000000000000e+00
0.000000000000000000e+00
0.000000000000000000e+00
0.000000000000000000e+00
6.135111111111109239e-02
2.043360000000000454e-01
5.167127272727272125e-01
1.243453333333332855e+00
2.524307692307691919e+00
4.598857142857141866e+00
7.921066666666664702e+00
1.154015999999999842e+01
1.864917647058823391e+01
2.742805333333332030e+01
3.263611789473684155e+01
4.885679999999999978e+01
6.373503999999998371e+01
8.654175272727272272e+01
9.694021565217390446e+01
1.531315933333332566e+02
1.592330943999999704e+02
1.890149599999999737e+02
2.481105540740740310e+02
3.066107142857142662e+02
4.154519117241379149e+02
3.776778666666665458e+02
5.621430245161291168e+02
6.340797199999999521e+02
7.553545454545452458e+02
9.425612941176469803e+02
1.083126783999999816e+03
1.434429737777777746e+03
1.759404432432431804e+03
2.635591562105263165e+03
2.911284775384615841e+03
3.362287104000000454e+03
5.924051274146342621e+03
8.090428476190475521e+03
1.134776418232558171e+04
2.603766916000000128e+04
1.883120599146666646e+05
1.151007124034782610e+05
3.113235906723404332e+04
2.473318481333333330e+04
5.834218473795918544e+04
2.582760325119999834e+04
