  -42.0145   -35.4417   -33.0493   -27.6366   -25.5511   -20.7387   -18.3333   -14.4685    -7.9226    -4.8471
  -38.9539   -33.1799   -27.4793   -21.1040   -20.6886   -15.3759   -11.4704    -7.3841    -5.1162    -1.3023
  -33.3529   -27.3917   -22.2724   -19.0200   -15.0989   -12.1493    -8.9869    -3.7935     0.3204     6.4257
  -28.1712   -23.2712   -18.2947   -16.8944   -11.3534    -7.3972    -2.5905     0.6960     5.5768     9.6949
  -24.2270   -22.2678   -15.9162   -12.5727    -3.7943    -0.2164     2.1095     6.6023     8.2570    15.6004
  -20.7132   -20.2892   -13.2243    -5.4229     0.2169     5.7805     5.8536     9.1024    13.8563    18.8881
  -17.5729   -13.0073    -9.7200    -4.0156     2.4447     8.8636    10.8743    13.8427    19.7656    26.4856
  -13.1418    -9.4205    -2.4539     2.9296     9.2675    12.0454    13.9141    20.2005    26.3913    31.3850
  -11.3440    -4.2374     1.7995     6.4750    10.8816    16.3554    21.0647    26.7496    31.7081    36.3153
   -5.1050     1.7664     8.7102    10.5151    17.2538    21.4809    26.7782    31.2048    38.5791    43.4299
   -2.9832    -2.7681    -2.4284    -2.0282    -1.5882    -1.1524    -0.6151    -0.2157     0.0091     0.2313
   -2.9714    -2.7231    -2.3738    -1.9541    -1.4688    -0.9794    -0.5004    -0.0517     0.2369     0.4304
   -2.8471    -2.6107    -2.2446    -1.7662    -1.2225    -0.6767    -0.2046     0.2827     0.5906     0.8205
   -2.5925    -2.3815    -2.0094    -1.5161    -0.9378    -0.3584     0.1764     0.6644     1.0034     1.2218
   -2.4035    -2.2036    -1.7919    -1.2560    -0.6370     0.0218     0.6183     1.1353     1.5029     1.6465
   -2.4415    -2.1617    -1.6723    -1.0426    -0.3434     0.3794     1.0781     1.6738     2.1120     2.3025
   -2.5494    -2.2516    -1.6531    -0.9065    -0.0839     0.7440     1.5397     2.2565     2.8656     3.2004
   -3.1682    -2.6054    -1.7987    -0.8822     0.0933     1.0361     1.9577     2.8407     3.6814     4.2141
   -4.2035    -3.2012    -2.0922    -0.9664     0.1578     1.2388     2.2698     3.3187     4.6467     5.8046
   -6.4118    -3.9352    -2.4093    -1.1268     0.1754     1.3493     2.4373     3.4603     5.5536     8.3336
   -0.7806    -0.6910    -0.5567    -0.4402    -0.3199    -0.2004     0.0256     0.1758     0.2362     0.3401
   -0.8627    -0.7491    -0.6154    -0.4749    -0.3116    -0.1437     0.0373     0.2231     0.3368     0.4212
   -0.9530    -0.8404    -0.6905    -0.5025    -0.2873    -0.0656     0.1202     0.3393     0.4816     0.6064
   -1.0159    -0.9252    -0.7598    -0.5451    -0.2886    -0.0234     0.2259     0.4697     0.6488     0.7772
   -1.1697    -1.0869    -0.8851    -0.6243    -0.3142     0.0321     0.3550     0.6505     0.8727     0.9639
   -1.5183    -1.3711    -1.0993    -0.7462    -0.3485     0.0780     0.5083     0.8999     1.2090     1.3604
   -1.9288    -1.7616    -1.3872    -0.9144    -0.3893     0.1506     0.6940     1.2231     1.7080     2.0004
   -2.7311    -2.3411    -1.7744    -1.1345    -0.4589     0.2087     0.8895     1.5971     2.3383     2.8680
   -3.8707    -3.0957    -2.2405    -1.3895    -0.5634     0.2529     1.0498     1.9254     3.1745     4.3834
   -6.0396    -3.9120    -2.6307    -1.6147    -0.6240     0.2845     1.1519     2.0533     4.0218     7.0985
   -0.5937    -0.5279    -0.4147    -0.3245    -0.2301    -0.1296     0.0608     0.1901     0.2463     0.3239
   -0.6637    -0.5798    -0.4730    -0.3583    -0.2252    -0.0834     0.0714     0.2240     0.3207     0.3843
   -0.7567    -0.6681    -0.5462    -0.3939    -0.2173    -0.0298     0.1334     0.3121     0.4356     0.5351
   -0.8420    -0.7710    -0.6313    -0.4502    -0.2341    -0.0038     0.2143     0.4235     0.5800     0.6848
   -1.0060    -0.9423    -0.7723    -0.5486    -0.2792     0.0239     0.3126     0.5782     0.7780     0.8609
   -1.3352    -1.2223    -0.9937    -0.6881    -0.3362     0.0465     0.4351     0.7974     1.0851     1.2254
   -1.7383    -1.6072    -1.2896    -0.8743    -0.4055     0.0846     0.5860     1.0859     1.5445     1.8168
   -2.4787    -2.1673    -1.6806    -1.1137    -0.5099     0.1045     0.7405     1.4169     2.1431     2.6800
   -3.5500    -2.9089    -2.1575    -1.3932    -0.6511     0.1054     0.8530     1.6875     2.9242     4.2171
   -5.5733    -3.6881    -2.5350    -1.6166    -0.7341     0.1017     0.9196     1.8113     3.7432     7.1279
   -0.5237    -0.4723    -0.3708    -0.2907    -0.2049    -0.1078     0.0643     0.1852     0.2437     0.3042
   -0.5794    -0.5143    -0.4222    -0.3190    -0.1988    -0.0669     0.0767     0.2127     0.3013     0.3518
   -0.6646    -0.5921    -0.4863    -0.3525    -0.1951    -0.0241     0.1297     0.2871     0.3998     0.4818
   -0.7535    -0.6944    -0.5703    -0.4080    -0.2136    -0.0016     0.2006     0.3910     0.5336     0.6215
   -0.9097    -0.8580    -0.7085    -0.5070    -0.2614     0.0162     0.2853     0.5341     0.7204     0.7969
   -1.2078    -1.1196    -0.9212    -0.6476    -0.3253     0.0294     0.3925     0.7375     1.0124     1.1433
   -1.5875    -1.4844    -1.2100    -0.8377    -0.4090     0.0471     0.5213     1.0035     1.4475     1.7059
   -2.2626    -2.0151    -1.5939    -1.0862    -0.5369     0.0385     0.6438     1.2996     2.0219     2.5719
   -3.2629    -2.7325    -2.0718    -1.3824    -0.7074     0.0019     0.7139     1.5178     2.7498     4.1460
   -5.1441    -3.4513    -2.4241    -1.5958    -0.8027    -0.0268     0.7536     1.6380     3.5594     7.2498
   -0.4672    -0.4269    -0.3364    -0.2640    -0.1845    -0.0905     0.0662     0.1801     0.2395     0.2866
   -0.5113    -0.4607    -0.3808    -0.2876    -0.1777    -0.0545     0.0793     0.2022     0.2838     0.3239
   -0.5891    -0.5300    -0.4377    -0.3189    -0.1770    -0.0198     0.1253     0.2667     0.3697     0.4373
   -0.6783    -0.6292    -0.5192    -0.3731    -0.1968    -0.0008     0.1878     0.3633     0.4940     0.5680
   -0.8263    -0.7847    -0.6531    -0.4712    -0.2464     0.0094     0.2616     0.4965     0.6715     0.7414
   -1.0977    -1.0298    -0.8576    -0.6123    -0.3164     0.0133     0.3549     0.6855     0.9503     1.0721
   -1.4546    -1.3755    -1.1392    -0.8060    -0.4138     0.0119     0.4626     0.9299     1.3644     1.6128
   -2.0727    -1.8787    -1.5163    -1.0637    -0.5639    -0.0246     0.5529     1.1909     1.9145     2.4827
   -3.0085    -2.5684    -1.9923    -1.3745    -0.7608    -0.0968     0.5819     1.3581     2.5902     4.0998
   -4.7620    -3.2176    -2.3127    -1.5731    -0.8620    -0.1432     0.6013     1.4766     3.4049     7.3905
   -0.4179    -0.3864    -0.3062    -0.2401    -0.1660    -0.0752     0.0682     0.1753     0.2344     0.2709
   -0.4527    -0.4135    -0.3442    -0.2599    -0.1591    -0.0438     0.0809     0.1932     0.2681     0.3000
   -0.5235    -0.4758    -0.3954    -0.2895    -0.1607    -0.0157     0.1210     0.2497     0.3438     0.3994
   -0.6115    -0.5712    -0.4739    -0.3424    -0.1819    -0.0004     0.1763     0.3393     0.4595     0.5216
   -0.7519    -0.7191    -0.6035    -0.4393    -0.2333     0.0032     0.2405     0.4633     0.6286     0.6917
   -1.0009    -0.9499    -0.8008    -0.5809    -0.3093    -0.0022     0.3207     0.6387     0.8951     1.0082
   -1.3369    -1.2781    -1.0754    -0.7782    -0.4197    -0.0220     0.4075     0.8618     1.2902     1.5316
   -1.9062    -1.7559    -1.4463    -1.0449    -0.5907    -0.0858     0.4653     1.0873     1.8158     2.4065
   -2.7841    -2.4151    -1.9170    -1.3673    -0.8106    -0.1911     0.4549     1.2055     2.4419     4.0687
   -4.4267    -2.9921    -2.2011    -1.5474    -0.9123    -0.2489     0.4597     1.3251     3.2726     7.5383
   -0.3746    -0.3502    -0.2794    -0.2187    -0.1491    -0.0615     0.0701     0.1710     0.2287     0.2567
   -0.4018    -0.3718    -0.3116    -0.2353    -0.1424    -0.0344     0.0820     0.1852     0.2542     0.2791
   -0.4664    -0.4283    -0.3581    -0.2633    -0.1459    -0.0117     0.1169     0.2353     0.3212     0.3668
   -0.5521    -0.5193    -0.4337    -0.3152    -0.1685    -0.0001     0.1658     0.3181     0.4291     0.4811
   -0.6856    -0.6603    -0.5589    -0.4108    -0.2217    -0.0023     0.2217     0.4337     0.5904     0.6468
   -0.9157    -0.8787    -0.7497    -0.5528    -0.3035    -0.0170     0.2893     0.5964     0.8455     0.9505
   -1.2328    -1.1911    -1.0179    -0.7535    -0.4262    -0.0544     0.3556     0.7986     1.2231     1.4599
   -1.7604    -1.6453    -1.3824    -1.0284    -0.6165    -0.1448     0.3810     0.9880     1.7238     2.3408
   -2.5869    -2.2724    -1.8444    -1.3589    -0.8555    -0.2797     0.3335     1.0601     2.3041     4.0480
   -4.1354    -2.7787    -2.0898    -1.5178    -0.9534    -0.3438     0.3289     1.1839     3.1589     7.6874
   -0.3365    -0.3179    -0.2555    -0.1994    -0.1337    -0.0494     0.0720     0.1671     0.2227     0.2440
   -0.3576    -0.3350    -0.2826    -0.2133    -0.1274    -0.0262     0.0827     0.1783     0.2416     0.2609
   -0.4163    -0.3865    -0.3252    -0.2400    -0.1325    -0.0080     0.1132     0.2228     0.3014     0.3385
   -0.4992    -0.4730    -0.3977    -0.2909    -0.1565     0.0001     0.1564     0.2995     0.4022     0.4454
   -0.6263    -0.6076    -0.5188    -0.3852    -0.2115    -0.0074     0.2047     0.4073     0.5563     0.6061
   -0.8406    -0.8152    -0.7038    -0.5275    -0.2987    -0.0311     0.2605     0.5578     0.8007     0.8980
   -1.1409    -1.1133    -0.9658    -0.7314    -0.4329    -0.0853     0.3067     0.7394     1.1620     1.3959
   -1.6330    -1.5457    -1.3237    -1.0132    -0.6408    -0.2010     0.2999     0.8928     1.6377     2.2837
   -2.4143    -2.1400    -1.7740    -1.3481    -0.8949    -0.3621     0.2182     0.9220     2.1762     4.0349
   -3.8842    -2.5799    -1.9797    -1.4841    -0.9854    -0.4279     0.2088     1.0534     3.0610     7.8342
   -0.3030    -0.2890    -0.2342    -0.1820    -0.1197    -0.0386     0.0739     0.1635     0.2166     0.2324
   -0.3191    -0.3025    -0.2567    -0.1937    -0.1139    -0.0188     0.0832     0.1721     0.2303     0.2449
   -0.3724    -0.3495    -0.2960    -0.2192    -0.1203    -0.0044     0.1099     0.2120     0.2840     0.3138
   -0.4520    -0.4317    -0.3656    -0.2692    -0.1456     0.0003     0.1479     0.2830     0.3783     0.4138
   -0.5735    -0.5604    -0.4828    -0.3622    -0.2024    -0.0120     0.1895     0.3836     0.5257     0.5690
   -0.7745    -0.7585    -0.6625    -0.5047    -0.2947    -0.0443     0.2340     0.5225     0.7600     0.8502
   -1.0599    -1.0437    -0.9185    -0.7113    -0.4396    -0.1146     0.2605     0.6840     1.1060     1.3386
   -1.5218    -1.4561    -1.2695    -0.9987    -0.6630    -0.2542     0.2222     0.8015     1.5565     2.2340
   -2.2637    -2.0180    -1.7056    -1.3347    -0.9284    -0.4378     0.1094     0.7915     2.0579     4.0273
   -3.6690    -2.3972    -1.8720    -1.4467    -1.0090    -0.5018     0.0991     0.9336     2.9768     7.9763
   -0.2734    -0.2633    -0.2151    -0.1664    -0.1069    -0.0290     0.0756     0.1603     0.2106     0.2220
   -0.2854    -0.2736    -0.2337    -0.1761    -0.1017    -0.0122     0.0837     0.1666     0.2202     0.2307
   -0.3337    -0.3167    -0.2701    -0.2005    -0.1093    -0.0011     0.1070     0.2026     0.2685     0.2921
   -0.4100    -0.3949    -0.3369    -0.2498    -0.1358     0.0006     0.1404     0.2684     0.3570     0.3857
   -0.5263    -0.5182    -0.4504    -0.3415    -0.1943    -0.0161     0.1757     0.3624     0.4982     0.5352
   -0.7161    -0.7079    -0.6252    -0.4840    -0.2914    -0.0567     0.2096     0.4903     0.7231     0.8064
   -0.9886    -0.9816    -0.8757    -0.6929    -0.4460    -0.1424     0.2168     0.6319     1.0544     1.2869
   -1.4249    -1.3757    -1.2194    -0.9846    -0.6832    -0.3044     0.1478     0.7139     1.4799     2.1904
   -2.1328    -1.9063    -1.6394    -1.3185    -0.9564    -0.5068     0.0074     0.6688     1.9488     4.0237
   -3.4852    -2.2312    -1.7680    -1.4063    -1.0251    -0.5660    -0.0004     0.8243     2.9045     8.1122
   -0.2472    -0.2403    -0.1979    -0.1523    -0.0954    -0.0203     0.0774     0.1573     0.2048     0.2126
   -0.2558    -0.2481    -0.2131    -0.1603    -0.0907    -0.0062     0.0841     0.1619     0.2111     0.2182
   -0.2997    -0.2876    -0.2469    -0.1837    -0.0993     0.0021     0.1044     0.1944     0.2549     0.2729
   -0.3725    -0.3619    -0.3111    -0.2323    -0.1270     0.0009     0.1338     0.2554     0.3381     0.3605
   -0.4842    -0.4805    -0.4213    -0.3228    -0.1870    -0.0199     0.1634     0.3432     0.4733     0.5043
   -0.6645    -0.6627    -0.5916    -0.4654    -0.2885    -0.0683     0.1870     0.4607     0.6894     0.7664
   -0.9257    -0.9262    -0.8368    -0.6762    -0.4521    -0.1686     0.1754     0.5828     1.0067     1.2403
   -1.3404    -1.3036    -1.1732    -0.9707    -0.7012    -0.3515     0.0768     0.6299     1.4075     2.1521
   -2.0191    -1.8047    -1.5757    -1.3000    -0.9791    -0.5694    -0.0879     0.5539     1.8485     4.0232
   -3.3288    -2.0818    -1.6686    -1.3637    -1.0347    -0.6215    -0.0903     0.7251     2.8425     8.2411
   -0.2240    -0.2198    -0.1825    -0.1395    -0.0849    -0.0125     0.0791     0.1548     0.1993     0.2041
   -0.2298    -0.2254    -0.1947    -0.1461    -0.0808    -0.0008     0.0846     0.1577     0.2030     0.2072
   -0.2696    -0.2618    -0.2262    -0.1686    -0.0902     0.0051     0.1022     0.1872     0.2428     0.2560
   -0.3391    -0.3325    -0.2881    -0.2165    -0.1189     0.0013     0.1279     0.2439     0.3212     0.3381
   -0.4467    -0.4467    -0.3951    -0.3060    -0.1805    -0.0233     0.1523     0.3261     0.4509     0.4761
   -0.6190    -0.6224    -0.5614    -0.4485    -0.2861    -0.0792     0.1662     0.4336     0.6586     0.7297
   -0.8704    -0.8768    -0.8016    -0.6608    -0.4579    -0.1933     0.1361     0.5364     0.9625     1.1982
   -1.2669    -1.2390    -1.1304    -0.9570    -0.7172    -0.3955     0.0091     0.5494     1.3390     2.1183
   -1.9205    -1.7127    -1.5148    -1.2794    -0.9971    -0.6258    -0.1764     0.4467     1.7568     4.0253
   -3.1960    -1.9485    -1.5746    -1.3199    -1.0387    -0.6691    -0.1711     0.6357     2.7897     8.3625
   -0.2035    -0.2015    -0.1685    -0.1280    -0.0753    -0.0055     0.0808     0.1525     0.1942     0.1965
   -0.2068    -0.2052    -0.1782    -0.1333    -0.0717     0.0042     0.0851     0.1540     0.1958     0.1974
   -0.2430    -0.2388    -0.2076    -0.1550    -0.0818     0.0080     0.1004     0.1809     0.2321     0.2410
   -0.3093    -0.3062    -0.2673    -0.2022    -0.1115     0.0018     0.1228     0.2337     0.3061     0.3179
   -0.4132    -0.4165    -0.3715    -0.2908    -0.1746    -0.0263     0.1424     0.3106     0.4306     0.4503
   -0.5786    -0.5864    -0.5341    -0.4332    -0.2840    -0.0893     0.1468     0.4086     0.6305     0.6961
   -0.8217    -0.8328    -0.7698    -0.6467    -0.4633    -0.2167     0.0989     0.4924     0.9215     1.1601
   -1.2028    -1.1814    -1.0910    -0.9434    -0.7312    -0.4367    -0.0553     0.4725     1.2743     2.0885
   -1.8351    -1.6299    -1.4570    -1.2574    -1.0109    -0.6765    -0.2585     0.3472     1.6733     4.0293
   -3.0833    -1.8302    -1.4865    -1.2755    -1.0381    -0.7096    -0.2435     0.5554     2.7450     8.4763
   -0.1852    -0.1851    -0.1559    -0.1175    -0.0666     0.0009     0.0826     0.1506     0.1896     0.1897
   -0.1865    -0.1871    -0.1633    -0.1217    -0.0634     0.0088     0.0857     0.1509     0.1894     0.1888
   -0.2194    -0.2182    -0.1909    -0.1427    -0.0742     0.0108     0.0990     0.1754     0.2226     0.2278
   -0.2826    -0.2827    -0.2487    -0.1893    -0.1048     0.0024     0.1184     0.2248     0.2927     0.2998
   -0.3833    -0.3894    -0.3503    -0.2771    -0.1692    -0.0290     0.1334     0.2967     0.4124     0.4267
   -0.5429    -0.5543    -0.5096    -0.4194    -0.2823    -0.0988     0.1289     0.3855     0.6049     0.6653
   -0.7788    -0.7936    -0.7410    -0.6337    -0.4684    -0.2388     0.0634     0.4507     0.8833     1.1257
   -1.1469    -1.1301    -1.0547    -0.9301    -0.7435    -0.4751    -0.1165     0.3991     1.2131     2.0621
   -1.7612    -1.5557    -1.4025    -1.2343    -1.0211    -0.7218    -0.3343     0.2551     1.5977     4.0350
   -2.9878    -1.7259    -1.4046    -1.2314    -1.0339    -0.7440    -0.3082     0.4838     2.7076     8.5825
   -0.1688    -0.1703    -0.1445    -0.1080    -0.0586     0.0067     0.0843     0.1490     0.1853     0.1837
   -0.1685    -0.1710    -0.1499    -0.1111    -0.0559     0.0131     0.0864     0.1483     0.1838     0.1812
   -0.1984    -0.1998    -0.1759    -0.1315    -0.0672     0.0135     0.0979     0.1707     0.2143     0.2160
   -0.2588    -0.2617    -0.2319    -0.1776    -0.0986     0.0031     0.1146     0.2169     0.2808     0.2835
   -0.3565    -0.3652    -0.3312    -0.2647    -0.1644    -0.0314     0.1253     0.2842     0.3959     0.4051
   -0.5113    -0.5257    -0.4876    -0.4069    -0.2808    -0.1078     0.1121     0.3642     0.5814     0.6371
   -0.7410    -0.7587    -0.7150    -0.6219    -0.4732    -0.2598     0.0296     0.4110     0.8478     1.0946
   -1.0982    -1.0843    -1.0214    -0.9172    -0.7543    -0.5110    -0.1747     0.3291     1.1555     2.0388
   -1.6971    -1.4893    -1.3515    -1.2107    -1.0281    -0.7624    -0.4042     0.1703     1.5296     4.0422
   -2.9067    -1.6341    -1.3290    -1.1881    -1.0267    -0.7730    -0.3658     0.4202     2.6767     8.6814
   -0.1542    -0.1570    -0.1341    -0.0993    -0.0513     0.0121     0.0861     0.1477     0.1815     0.1784
   -0.1525    -0.1565    -0.1378    -0.1015    -0.0489     0.0171     0.0873     0.1461     0.1788     0.1745
   -0.1797    -0.1834    -0.1624    -0.1213    -0.0607     0.0161     0.0971     0.1667     0.2070     0.2056
   -0.2375    -0.2428    -0.2168    -0.1670    -0.0929     0.0039     0.1113     0.2100     0.2702     0.2688
   -0.3326    -0.3435    -0.3140    -0.2534    -0.1600    -0.0335     0.1181     0.2730     0.3810     0.3854
   -0.4832    -0.5001    -0.4677    -0.3956    -0.2797    -0.1162     0.0965     0.3444     0.5600     0.6113
   -0.7076    -0.7276    -0.6915    -0.6111    -0.4778    -0.2796    -0.0027     0.3732     0.8146     1.0666
   -1.0557    -1.0436    -0.9909    -0.9046    -0.7637    -0.5444    -0.2299     0.2624     1.1013     2.0181
   -1.6415    -1.4301    -1.3040    -1.1869    -1.0325    -0.7985    -0.4686     0.0924     1.4688     4.0506
   -2.8378    -1.5536    -1.2597    -1.1461    -1.0173    -0.7973    -0.4172     0.3639     2.6516     8.7732
   -0.1411    -0.1451    -0.1246    -0.0913    -0.0445     0.0171     0.0879     0.1467     0.1782     0.1737
   -0.1381    -0.1435    -0.1269    -0.0927    -0.0425     0.0209     0.0882     0.1443     0.1745     0.1686
   -0.1630    -0.1686    -0.1501    -0.1120    -0.0547     0.0187     0.0966     0.1633     0.2006     0.1964
   -0.2184    -0.2258    -0.2031    -0.1573    -0.0876     0.0048     0.1086     0.2040     0.2607     0.2555
   -0.3111    -0.3241    -0.2985    -0.2433    -0.1560    -0.0354     0.1116     0.2629     0.3675     0.3673
   -0.4582    -0.4773    -0.4499    -0.3854    -0.2787    -0.1241     0.0817     0.3260     0.5404     0.5877
   -0.6782    -0.6999    -0.6704    -0.6013    -0.4821    -0.2986    -0.0335     0.3371     0.7836     1.0412
   -1.0185    -1.0073    -0.9630    -0.8925    -0.7719    -0.5756    -0.2823     0.1991     1.0504     1.9998
   -1.5932    -1.3774    -1.2599    -1.1633    -1.0347    -0.8308    -0.5278     0.0210     1.4146     4.0601
   -2.7791    -1.4832    -1.1964    -1.1057    -1.0063    -0.8177    -0.4628     0.3143     2.6317     8.8583
   -0.1293    -0.1342    -0.1159    -0.0840    -0.0383     0.0218     0.0898     0.1460     0.1753     0.1696
   -0.1253    -0.1317    -0.1169    -0.0847    -0.0365     0.0246     0.0892     0.1428     0.1707     0.1635
   -0.1481    -0.1553    -0.1390    -0.1035    -0.0491     0.0212     0.0964     0.1604     0.1950     0.1882
   -0.2013    -0.2106    -0.1908    -0.1485    -0.0827     0.0057     0.1063     0.1987     0.2523     0.2436
   -0.2919    -0.3066    -0.2845    -0.2341    -0.1524    -0.0371     0.1057     0.2538     0.3554     0.3507
   -0.4360    -0.4568    -0.4339    -0.3763    -0.2781    -0.1317     0.0679     0.3089     0.5224     0.5661
   -0.6521    -0.6753    -0.6513    -0.5924    -0.4863    -0.3166    -0.0632     0.3026     0.7546     1.0184
   -0.9860    -0.9751    -0.9375    -0.8810    -0.7791    -0.6047    -0.3319     0.1390     1.0028     1.9836
   -1.5512    -1.3305    -1.2192    -1.1402    -1.0352    -0.8597    -0.5822    -0.0442     1.3667     4.0705
   -2.7290    -1.4216    -1.1388    -1.0672    -0.9941    -0.8347    -0.5034     0.2707     2.6163     8.9370
   -0.1186    -0.1244    -0.1080    -0.0772    -0.0325     0.0261     0.0916     0.1455     0.1727     0.1661
   -0.1138    -0.1211    -0.1078    -0.0773    -0.0309     0.0280     0.0904     0.1417     0.1675     0.1590
   -0.1347    -0.1433    -0.1289    -0.0957    -0.0439     0.0237     0.0964     0.1580     0.1901     0.1809
   -0.1859    -0.1968    -0.1796    -0.1405    -0.0782     0.0068     0.1044     0.1942     0.2449     0.2328
   -0.2746    -0.2909    -0.2719    -0.2258    -0.1490    -0.0387     0.1003     0.2456     0.3445     0.3356
   -0.4162    -0.4385    -0.4194    -0.3681    -0.2776    -0.1389     0.0547     0.2928     0.5060     0.5463
   -0.6291    -0.6533    -0.6342    -0.5843    -0.4905    -0.3339    -0.0916     0.2696     0.7275     0.9978
   -0.9574    -0.9463    -0.9142    -0.8700    -0.7854    -0.6320    -0.3791     0.0820     0.9582     1.9693
   -1.5145    -1.2888    -1.1817    -1.1176    -1.0343    -0.8854    -0.6322    -0.1036     1.3247     4.0817
   -2.6860    -1.3678    -1.0867    -1.0308    -0.9813    -0.8489    -0.5396     0.2325     2.6049     9.0099
   -0.1090    -0.1155    -0.1007    -0.0710    -0.0271     0.0302     0.0935     0.1453     0.1706     0.1630
   -0.1034    -0.1115    -0.0995    -0.0705    -0.0258     0.0313     0.0916     0.1409     0.1648     0.1551
   -0.1226    -0.1324    -0.1197    -0.0886    -0.0390     0.0261     0.0966     0.1561     0.1858     0.1745
   -0.1720    -0.1844    -0.1694    -0.1331    -0.0740     0.0079     0.1029     0.1902     0.2383     0.2231
   -0.2591    -0.2767    -0.2605    -0.2182    -0.1460    -0.0401     0.0955     0.2382     0.3347     0.3217
   -0.3984    -0.4221    -0.4065    -0.3607    -0.2774    -0.1459     0.0423     0.2778     0.4908     0.5282
   -0.6086    -0.6337    -0.6187    -0.5771    -0.4945    -0.3505    -0.1190     0.2380     0.7020     0.9792
   -0.9322    -0.9207    -0.8930    -0.8595    -0.7911    -0.6576    -0.4238     0.0281     0.9165     1.9567
   -1.4824    -1.2517    -1.1473    -1.0960    -1.0323    -0.9085    -0.6782    -0.1576     1.2880     4.0936
   -2.6491    -1.3207    -1.0395    -0.9966    -0.9681    -0.8608    -0.5718     0.1992     2.5971     9.0773
   -0.1002    -0.1073    -0.0939    -0.0652    -0.0221     0.0340     0.0955     0.1452     0.1688     0.1604
   -0.0939    -0.1027    -0.0919    -0.0642    -0.0209     0.0345     0.0930     0.1404     0.1624     0.1517
   -0.1117    -0.1225    -0.1113    -0.0819    -0.0345     0.0285     0.0970     0.1545     0.1821     0.1688
   -0.1595    -0.1731    -0.1602    -0.1263    -0.0700     0.0091     0.1016     0.1868     0.2325     0.2143
   -0.2451    -0.2639    -0.2502    -0.2113    -0.1433    -0.0414     0.0910     0.2316     0.3258     0.3089
   -0.3825    -0.4074    -0.3948    -0.3541    -0.2774    -0.1526     0.0303     0.2635     0.4769     0.5116
   -0.5903    -0.6161    -0.6048    -0.5706    -0.4985    -0.3665    -0.1454     0.2076     0.6780     0.9624
   -0.9100    -0.8979    -0.8737    -0.8497    -0.7961    -0.6816    -0.4662    -0.0229     0.8777     1.9456
   -1.4542    -1.2186    -1.1158    -1.0752    -1.0294    -0.9292    -0.7204    -0.2068     1.2562     4.1060
   -2.6171    -1.2794    -0.9968    -0.9645    -0.9548    -0.8706    -0.6005     0.1701     2.5923     9.1396
   -0.0922    -0.0998    -0.0877    -0.0598    -0.0174     0.0377     0.0974     0.1454     0.1673     0.1582
   -0.0854    -0.0947    -0.0849    -0.0583    -0.0164     0.0375     0.0944     0.1401     0.1605     0.1488
   -0.1017    -0.1135    -0.1036    -0.0758    -0.0302     0.0309     0.0975     0.1533     0.1789     0.1637
   -0.1481    -0.1629    -0.1517    -0.1201    -0.0663     0.0103     0.1007     0.1839     0.2273     0.2063
   -0.2324    -0.2524    -0.2408    -0.2051    -0.1408    -0.0426     0.0870     0.2255     0.3178     0.2972
   -0.3683    -0.3942    -0.3842    -0.3482    -0.2776    -0.1592     0.0189     0.2501     0.4641     0.4964
   -0.5741    -0.6004    -0.5923    -0.5647    -0.5024    -0.3819    -0.1709     0.1784     0.6554     0.9471
   -0.8904    -0.8775    -0.8561    -0.8405    -0.8006    -0.7042    -0.5064    -0.0711     0.8416     1.9359
   -1.4293    -1.1892    -1.0869    -1.0554    -1.0260    -0.9477    -0.7593    -0.2513     1.2289     4.1189
   -2.5894    -1.2431    -0.9584    -0.9346    -0.9415    -0.8787    -0.6261     0.1449     2.5902     9.1971
   -0.0848    -0.0929    -0.0819    -0.0548    -0.0130     0.0412     0.0994     0.1457     0.1661     0.1563
   -0.0775    -0.0873    -0.0784    -0.0529    -0.0121     0.0405     0.0958     0.1400     0.1589     0.1464
   -0.0927    -0.1052    -0.0965    -0.0701    -0.0261     0.0332     0.0982     0.1524     0.1762     0.1593
   -0.1378    -0.1536    -0.1440    -0.1143    -0.0628     0.0115     0.1000     0.1815     0.2228     0.1990
   -0.2209    -0.2419    -0.2323    -0.1994    -0.1386    -0.0437     0.0832     0.2200     0.3105     0.2865
   -0.3555    -0.3822    -0.3748    -0.3429    -0.2780    -0.1655     0.0079     0.2373     0.4523     0.4825
   -0.5596    -0.5864    -0.5811    -0.5596    -0.5063    -0.3968    -0.1956     0.1504     0.6341     0.9334
   -0.8730    -0.8592    -0.8401    -0.8319    -0.8047    -0.7255    -0.5446    -0.1165     0.8081     1.9273
   -1.4073    -1.1629    -1.0605    -1.0367    -1.0221    -0.9644    -0.7951    -0.2917     1.2056     4.1321
   -2.5651    -1.2112    -0.9237    -0.9067    -0.9286    -0.8854    -0.6490     0.1230     2.5903     9.2504
   -0.0781    -0.0865    -0.0765    -0.0501    -0.0088     0.0445     0.1014     0.1462     0.1651     0.1547
   -0.0704    -0.0805    -0.0724    -0.0478    -0.0080     0.0434     0.0974     0.1401     0.1576     0.1442
   -0.0845    -0.0977    -0.0900    -0.0648    -0.0222     0.0355     0.0991     0.1517     0.1738     0.1553
   -0.1284    -0.1451    -0.1369    -0.1090    -0.0595     0.0127     0.0995     0.1794     0.2187     0.1924
   -0.2105    -0.2324    -0.2245    -0.1942    -0.1365    -0.0448     0.0797     0.2149     0.3040     0.2766
   -0.3439    -0.3715    -0.3662    -0.3382    -0.2786    -0.1717    -0.0028     0.2252     0.4413     0.4698
   -0.5466    -0.5737    -0.5709    -0.5549    -0.5103    -0.4112    -0.2194     0.1234     0.6140     0.9209
   -0.8574    -0.8428    -0.8255    -0.8239    -0.8085    -0.7455    -0.5808    -0.1593     0.7771     1.9198
   -1.3878    -1.1393    -1.0363    -1.0190    -1.0179    -0.9796    -0.8280    -0.3283     1.1859     4.1455
   -2.5438    -1.1830    -0.8923    -0.8809    -0.9160    -0.8910    -0.6696     0.1041     2.5923     9.2997
   -0.0718    -0.0807    -0.0715    -0.0457    -0.0049     0.0477     0.1034     0.1468     0.1644     0.1535
   -0.0638    -0.0743    -0.0668    -0.0430    -0.0042     0.0461     0.0989     0.1404     0.1565     0.1424
   -0.0770    -0.0907    -0.0839    -0.0599    -0.0186     0.0378     0.1000     0.1513     0.1718     0.1518
   -0.1198    -0.1373    -0.1303    -0.1040    -0.0563     0.0140     0.0991     0.1776     0.2152     0.1864
   -0.2010    -0.2237    -0.2175    -0.1895    -0.1347    -0.0459     0.0764     0.2103     0.2981     0.2674
   -0.3334    -0.3617    -0.3584    -0.3341    -0.2793    -0.1778    -0.0131     0.2135     0.4311     0.4580
   -0.5349    -0.5624    -0.5618    -0.5509    -0.5142    -0.4252    -0.2425     0.0974     0.5950     0.9095
   -0.8436    -0.8280    -0.8122    -0.8165    -0.8120    -0.7645    -0.6151    -0.1996     0.7483     1.9133
   -1.3704    -1.1182    -1.0142    -1.0024    -1.0135    -0.9932    -0.8583    -0.3613     1.1694     4.1591
   -2.5250    -1.1580    -0.8640    -0.8569    -0.9039    -0.8957    -0.6880     0.0877     2.5960     9.3453
   -0.0661    -0.0752    -0.0668    -0.0415    -0.0012     0.0508     0.1054     0.1476     0.1639     0.1524
   -0.0577    -0.0685    -0.0616    -0.0385    -0.0005     0.0489     0.1006     0.1408     0.1557     0.1409
   -0.0700    -0.0843    -0.0783    -0.0552    -0.0151     0.0400     0.1011     0.1511     0.1702     0.1486
   -0.1120    -0.1302    -0.1243    -0.0994    -0.0534     0.0152     0.0989     0.1761     0.2120     0.1809
   -0.1924    -0.2158    -0.2110    -0.1851    -0.1330    -0.0469     0.0733     0.2060     0.2927     0.2590
   -0.3239    -0.3529    -0.3514    -0.3304    -0.2802    -0.1839    -0.0232     0.2024     0.4216     0.4472
   -0.5244    -0.5521    -0.5535    -0.5473    -0.5182    -0.4388    -0.2649     0.0724     0.5770     0.8991
   -0.8312    -0.8147    -0.8000    -0.8096    -0.8153    -0.7825    -0.6477    -0.2375     0.7217     1.9077
   -1.3548    -1.0992    -0.9940    -0.9868    -1.0091    -1.0057    -0.8863    -0.3913     1.1557     4.1727
   -2.5083    -1.1357    -0.8383    -0.8347    -0.8923    -0.8995    -0.7045     0.0736     2.6009     9.3877
   -0.0607    -0.0701    -0.0623    -0.0376     0.0024     0.0538     0.1074     0.1484     0.1636     0.1516
   -0.0520    -0.0631    -0.0567    -0.0343     0.0030     0.0515     0.1022     0.1413     0.1551     0.1397
   -0.0636    -0.0784    -0.0730    -0.0508    -0.0117     0.0422     0.1022     0.1511     0.1688     0.1458
   -0.1047    -0.1236    -0.1187    -0.0951    -0.0506     0.0165     0.0989     0.1749     0.2093     0.1759
   -0.1844    -0.2086    -0.2051    -0.1812    -0.1315    -0.0479     0.0704     0.2021     0.2878     0.2512
   -0.3153    -0.3449    -0.3451    -0.3271    -0.2813    -0.1898    -0.0330     0.1917     0.4128     0.4372
   -0.5149    -0.5428    -0.5461    -0.5441    -0.5222    -0.4520    -0.2866     0.0483     0.5600     0.8896
   -0.8200    -0.8027    -0.7889    -0.8032    -0.8184    -0.7996    -0.6785    -0.2731     0.6971     1.9028
   -1.3407    -1.0820    -0.9754    -0.9721    -1.0047    -1.0170    -0.9121    -0.4183     1.1445     4.1863
   -2.4934    -1.1158    -0.8150    -0.8142    -0.8812    -0.9027    -0.7194     0.0615     2.6069     9.4270
   -0.0557    -0.0653    -0.0581    -0.0338     0.0057     0.0566     0.1094     0.1494     0.1634     0.1510
   -0.0468    -0.0581    -0.0521    -0.0303     0.0064     0.0541     0.1039     0.1420     0.1547     0.1386
   -0.0577    -0.0728    -0.0681    -0.0467    -0.0086     0.0444     0.1034     0.1512     0.1676     0.1434
   -0.0981    -0.1175    -0.1135    -0.0911    -0.0480     0.0177     0.0989     0.1739     0.2068     0.1713
   -0.1772    -0.2019    -0.1996    -0.1775    -0.1302    -0.0489     0.0676     0.1984     0.2834     0.2439
   -0.3074    -0.3376    -0.3394    -0.3242    -0.2825    -0.1957    -0.0425     0.1813     0.4045     0.4280
   -0.5063    -0.5344    -0.5393    -0.5414    -0.5262    -0.4649    -0.3076     0.0252     0.5438     0.8810
   -0.8099    -0.7918    -0.7788    -0.7973    -0.8214    -0.8158    -0.7078    -0.3066     0.6745     1.8986
   -1.3280    -1.0664    -0.9584    -0.9584    -1.0004    -1.0274    -0.9359    -0.4427     1.1355     4.1998
   -2.4800    -1.0979    -0.7939    -0.7952    -0.8707    -0.9053    -0.7328     0.0512     2.6137     9.4635
   -0.0510    -0.0608    -0.0542    -0.0303     0.0090     0.0594     0.1114     0.1504     0.1634     0.1506
   -0.0419    -0.0533    -0.0478    -0.0265     0.0096     0.0566     0.1056     0.1427     0.1545     0.1378
   -0.0522    -0.0677    -0.0635    -0.0428    -0.0055     0.0466     0.1046     0.1515     0.1666     0.1412
   -0.0919    -0.1119    -0.1086    -0.0873    -0.0454     0.0189     0.0991     0.1731     0.2047     0.1670
   -0.1705    -0.1958    -0.1946    -0.1742    -0.1290    -0.0499     0.0650     0.1950     0.2793     0.2372
   -0.3003    -0.3309    -0.3341    -0.3216    -0.2839    -0.2015    -0.0519     0.1713     0.3966     0.4195
   -0.4985    -0.5268    -0.5332    -0.5391    -0.5302    -0.4774    -0.3280     0.0028     0.5284     0.8730
   -0.8008    -0.7820    -0.7695    -0.7919    -0.8243    -0.8312    -0.7356    -0.3380     0.6535     1.8950
   -1.3166    -1.0523    -0.9427    -0.9456    -0.9962    -1.0369    -0.9579    -0.4647     1.1284     4.2131
   -2.4679    -1.0818    -0.7746    -0.7777    -0.8608    -0.9075    -0.7449     0.0423     2.6213     9.4975
