         -0.059          -0.079           0.002           0.071           0.105          -0.013          -0.101          -0.039          -0.126          -0.120
          0.081           0.021           0.026           0.134           0.071          -0.025          -0.105          -0.109          -0.035           0.017
          0.089           0.096          -0.027          -0.138          -0.076           0.236           0.398           0.182           0.081           0.088
         -0.018           0.117           0.176           0.052          -0.080          -0.153          -0.098           0.047           0.158           0.076
         -0.059          -0.049          -0.093          -0.126          -0.150          -0.086           0.071           0.046          -0.057          -0.071
          0.075           0.121           0.106           0.047           0.084           0.137          -0.001          -0.009          -0.017          -0.050
         -0.110          -0.176          -0.098          -0.009           0.030          -0.010          -0.104          -0.169          -0.007           0.077
          0.075           0.128           0.111           0.157           0.065          -0.046           0.029           0.081          -0.019          -0.059
         -0.072          -0.174          -0.249          -0.204          -0.038          -0.023          -0.199          -0.228           0.001           0.073
          0.062           0.177           0.319           0.348           0.338           0.315           0.388           0.397           0.123          -0.006
         -0.052          -0.089          -0.035           0.023           0.042          -0.059          -0.131          -0.077          -0.126          -0.100
          0.050          -0.007          -0.013           0.062           0.016          -0.061          -0.124          -0.123          -0.059          -0.000
          0.063           0.057          -0.057          -0.157          -0.111           0.141           0.282           0.130           0.057           0.064
         -0.016           0.074           0.099          -0.020          -0.139          -0.180          -0.110           0.011           0.106           0.055
         -0.054          -0.065          -0.117          -0.166          -0.193          -0.136          -0.006          -0.005          -0.065          -0.062
          0.040           0.056           0.028          -0.027          -0.001           0.038          -0.061          -0.065          -0.051          -0.048
         -0.099          -0.184          -0.143          -0.079          -0.053          -0.089          -0.167          -0.203          -0.058           0.035
          0.025           0.025           0.000           0.031          -0.037          -0.127          -0.080          -0.041          -0.083          -0.064
         -0.107          -0.247          -0.309          -0.264          -0.131          -0.123          -0.256          -0.286          -0.124          -0.007
          0.160           0.408           0.588           0.650           0.664           0.649           0.698           0.690           0.420           0.132
         -0.043          -0.083          -0.042           0.009           0.019          -0.069          -0.130          -0.087          -0.115          -0.082
          0.032          -0.018          -0.026           0.028          -0.007          -0.069          -0.120          -0.119          -0.066          -0.009
          0.047           0.036          -0.064          -0.152          -0.117           0.087           0.207           0.099           0.044           0.047
         -0.012           0.051           0.055          -0.058          -0.164          -0.183          -0.106          -0.006           0.071           0.040
         -0.047          -0.068          -0.122          -0.180          -0.208          -0.157          -0.051          -0.036          -0.069          -0.054
          0.018           0.016          -0.020          -0.070          -0.054          -0.027          -0.100          -0.103          -0.075          -0.047
         -0.090          -0.183          -0.168          -0.123          -0.107          -0.142          -0.210          -0.228          -0.100           0.003
         -0.010          -0.048          -0.079          -0.058          -0.111          -0.186          -0.163          -0.138          -0.144          -0.078
         -0.125          -0.284          -0.332          -0.283          -0.174          -0.173          -0.279          -0.317          -0.213          -0.066
          0.236           0.600           0.828           0.925           0.962           0.955           0.983           0.957           0.676           0.248
         -0.036          -0.076          -0.047          -0.002           0.001          -0.076          -0.128          -0.093          -0.104          -0.067
          0.019          -0.026          -0.037           0.001          -0.026          -0.076          -0.118          -0.116          -0.070          -0.014
          0.034           0.019          -0.070          -0.149          -0.122           0.044           0.146           0.071           0.032           0.035
         -0.009           0.031           0.018          -0.089          -0.183          -0.186          -0.107          -0.022           0.044           0.028
         -0.041          -0.071          -0.128          -0.192          -0.222          -0.177          -0.088          -0.064          -0.074          -0.049
          0.002          -0.017          -0.060          -0.108          -0.100          -0.083          -0.138          -0.137          -0.097          -0.048
         -0.083          -0.183          -0.190          -0.162          -0.156          -0.192          -0.251          -0.257          -0.138          -0.023
         -0.036          -0.105          -0.145          -0.134          -0.176          -0.241          -0.236          -0.223          -0.206          -0.096
         -0.134          -0.302          -0.339          -0.287          -0.196          -0.198          -0.286          -0.333          -0.275          -0.110
          0.292           0.748           1.025           1.157           1.216           1.219           1.233           1.193           0.898           0.347
         -0.031          -0.070          -0.050          -0.012          -0.014          -0.081          -0.125          -0.096          -0.095          -0.056
          0.010          -0.032          -0.047          -0.021          -0.043          -0.084          -0.117          -0.114          -0.072          -0.018
          0.023           0.005          -0.076          -0.148          -0.129           0.007           0.096           0.046           0.020           0.024
         -0.008           0.014          -0.013          -0.115          -0.198          -0.191          -0.113          -0.037           0.021           0.018
         -0.038          -0.075          -0.136          -0.204          -0.236          -0.197          -0.120          -0.089          -0.081          -0.046
         -0.010          -0.043          -0.093          -0.142          -0.142          -0.133          -0.175          -0.169          -0.118          -0.051
         -0.079          -0.185          -0.211          -0.199          -0.201          -0.238          -0.291          -0.289          -0.174          -0.045
         -0.055          -0.150          -0.199          -0.198          -0.235          -0.293          -0.302          -0.299          -0.266          -0.117
         -0.138          -0.309          -0.336          -0.280          -0.200          -0.205          -0.279          -0.336          -0.317          -0.141
          0.332           0.862           1.187           1.352           1.432           1.446           1.452           1.401           1.091           0.433
         -0.027          -0.065          -0.052          -0.021          -0.026          -0.084          -0.122          -0.097          -0.088          -0.047
          0.003          -0.038          -0.055          -0.040          -0.059          -0.093          -0.118          -0.113          -0.073          -0.020
          0.015          -0.007          -0.082          -0.149          -0.136          -0.025           0.053           0.023           0.009           0.016
         -0.008          -0.001          -0.039          -0.137          -0.211          -0.197          -0.120          -0.051           0.002           0.009
         -0.035          -0.079          -0.144          -0.216          -0.250          -0.215          -0.148          -0.112          -0.089          -0.044
         -0.019          -0.063          -0.122          -0.173          -0.181          -0.178          -0.210          -0.199          -0.137          -0.054
         -0.076          -0.188          -0.230          -0.232          -0.243          -0.282          -0.330          -0.322          -0.209          -0.063
         -0.069          -0.184          -0.244          -0.251          -0.285          -0.340          -0.361          -0.367          -0.323          -0.139
         -0.138          -0.307          -0.325          -0.265          -0.193          -0.198          -0.263          -0.329          -0.343          -0.163
          0.360           0.949           1.317           1.514           1.615           1.641           1.645           1.586           1.260           0.507
         -0.024          -0.060          -0.053          -0.029          -0.036          -0.087          -0.119          -0.097          -0.081          -0.040
         -0.003          -0.042          -0.063          -0.055          -0.072          -0.101          -0.121          -0.112          -0.074          -0.022
          0.008          -0.018          -0.088          -0.151          -0.144          -0.052           0.017           0.003          -0.002           0.009
         -0.009          -0.014          -0.061          -0.156          -0.223          -0.203          -0.130          -0.065          -0.014           0.002
         -0.033          -0.083          -0.152          -0.227          -0.263          -0.234          -0.174          -0.134          -0.098          -0.043
         -0.025          -0.080          -0.146          -0.201          -0.216          -0.219          -0.244          -0.228          -0.156          -0.058
         -0.074          -0.191          -0.247          -0.263          -0.282          -0.323          -0.368          -0.357          -0.243          -0.080
         -0.079          -0.210          -0.280          -0.295          -0.329          -0.382          -0.412          -0.428          -0.377          -0.161
         -0.136          -0.300          -0.309          -0.244          -0.176          -0.180          -0.238          -0.313          -0.356          -0.178
          0.379           1.013           1.423           1.650           1.771           1.810           1.814           1.749           1.408           0.572
         -0.021          -0.056          -0.054          -0.035          -0.044          -0.089          -0.116          -0.096          -0.076          -0.034
         -0.006          -0.045          -0.069          -0.069          -0.085          -0.109          -0.123          -0.113          -0.074          -0.022
          0.003          -0.027          -0.094          -0.154          -0.152          -0.076          -0.013          -0.016          -0.012           0.004
         -0.010          -0.025          -0.080          -0.172          -0.233          -0.211          -0.141          -0.079          -0.028          -0.004
         -0.032          -0.086          -0.161          -0.238          -0.276          -0.251          -0.198          -0.154          -0.107          -0.043
         -0.030          -0.094          -0.167          -0.226          -0.248          -0.257          -0.277          -0.256          -0.174          -0.063
         -0.072          -0.194          -0.262          -0.290          -0.318          -0.362          -0.406          -0.393          -0.276          -0.095
         -0.086          -0.229          -0.308          -0.331          -0.366          -0.419          -0.458          -0.481          -0.427          -0.182
         -0.132          -0.290          -0.290          -0.220          -0.153          -0.154          -0.207          -0.290          -0.358          -0.188
          0.392           1.061           1.507           1.762           1.903           1.955           1.962           1.894           1.539           0.630
         -0.019          -0.052          -0.054          -0.041          -0.051          -0.091          -0.113          -0.095          -0.071          -0.030
         -0.009          -0.048          -0.074          -0.080          -0.096          -0.116          -0.126          -0.113          -0.074          -0.023
         -0.001          -0.034          -0.100          -0.157          -0.160          -0.096          -0.040          -0.033          -0.021          -0.001
         -0.012          -0.035          -0.096          -0.186          -0.242          -0.219          -0.152          -0.093          -0.040          -0.008
         -0.031          -0.090          -0.169          -0.249          -0.288          -0.268          -0.220          -0.174          -0.116          -0.043
         -0.033          -0.105          -0.185          -0.249          -0.277          -0.291          -0.308          -0.282          -0.191          -0.068
         -0.071          -0.196          -0.276          -0.315          -0.351          -0.399          -0.442          -0.428          -0.309          -0.110
         -0.090          -0.243          -0.329          -0.360          -0.397          -0.451          -0.497          -0.529          -0.473          -0.203
         -0.128          -0.277          -0.269          -0.193          -0.126          -0.122          -0.170          -0.260          -0.353          -0.192
          0.400           1.096           1.573           1.855           2.014           2.080           2.092           2.022           1.654           0.681
         -0.017          -0.049          -0.055          -0.046          -0.057          -0.092          -0.111          -0.093          -0.066          -0.026
         -0.011          -0.050          -0.079          -0.089          -0.106          -0.123          -0.130          -0.114          -0.074          -0.023
         -0.005          -0.041          -0.105          -0.161          -0.168          -0.115          -0.063          -0.048          -0.029          -0.005
         -0.013          -0.044          -0.110          -0.198          -0.250          -0.227          -0.164          -0.106          -0.051          -0.013
         -0.031          -0.094          -0.176          -0.258          -0.300          -0.285          -0.241          -0.192          -0.125          -0.045
         -0.036          -0.115          -0.200          -0.269          -0.304          -0.323          -0.338          -0.308          -0.209          -0.072
         -0.070          -0.198          -0.288          -0.338          -0.381          -0.433          -0.477          -0.464          -0.341          -0.124
         -0.093          -0.253          -0.346          -0.382          -0.422          -0.478          -0.530          -0.570          -0.514          -0.222
         -0.124          -0.264          -0.247          -0.165          -0.095          -0.087          -0.130          -0.226          -0.341          -0.194
          0.405           1.121           1.626           1.931           2.109           2.188           2.205           2.136           1.756           0.726
         -0.015          -0.045          -0.054          -0.050          -0.062          -0.093          -0.108          -0.091          -0.062          -0.023
         -0.013          -0.052          -0.083          -0.098          -0.115          -0.130          -0.133          -0.115          -0.074          -0.023
         -0.008          -0.046          -0.110          -0.165          -0.175          -0.131          -0.083          -0.062          -0.036          -0.008
         -0.014          -0.051          -0.122          -0.208          -0.257          -0.236          -0.176          -0.118          -0.060          -0.016
         -0.031          -0.097          -0.183          -0.268          -0.311          -0.300          -0.261          -0.209          -0.134          -0.046
         -0.038          -0.122          -0.214          -0.287          -0.329          -0.353          -0.367          -0.333          -0.226          -0.078
         -0.069          -0.200          -0.298          -0.358          -0.408          -0.465          -0.511          -0.499          -0.372          -0.137
         -0.095          -0.259          -0.357          -0.400          -0.442          -0.500          -0.558          -0.606          -0.552          -0.240
         -0.120          -0.251          -0.224          -0.136          -0.063          -0.049          -0.087          -0.189          -0.324          -0.193
          0.407           1.137           1.666           1.994           2.188           2.281           2.305           2.236           1.847           0.766
         -0.014          -0.043          -0.054          -0.053          -0.066          -0.093          -0.106          -0.089          -0.059          -0.021
         -0.014          -0.053          -0.087          -0.105          -0.123          -0.137          -0.137          -0.116          -0.073          -0.022
         -0.010          -0.051          -0.115          -0.169          -0.182          -0.145          -0.101          -0.075          -0.043          -0.010
         -0.016          -0.058          -0.132          -0.217          -0.264          -0.244          -0.188          -0.130          -0.069          -0.019
         -0.031          -0.100          -0.190          -0.276          -0.322          -0.316          -0.279          -0.225          -0.143          -0.048
         -0.039          -0.128          -0.226          -0.304          -0.352          -0.381          -0.395          -0.358          -0.242          -0.083
         -0.068          -0.201          -0.307          -0.376          -0.433          -0.495          -0.543          -0.533          -0.402          -0.150
         -0.096          -0.262          -0.365          -0.413          -0.458          -0.518          -0.581          -0.636          -0.585          -0.256
         -0.116          -0.239          -0.203          -0.108          -0.030          -0.010          -0.043          -0.149          -0.303          -0.190
          0.408           1.149           1.698           2.045           2.255           2.361           2.393           2.325           1.927           0.801
         -0.013          -0.040          -0.054          -0.056          -0.069          -0.094          -0.104          -0.087          -0.056          -0.019
         -0.014          -0.054          -0.090          -0.111          -0.130          -0.142          -0.140          -0.117          -0.073          -0.022
         -0.012          -0.055          -0.119          -0.174          -0.189          -0.158          -0.117          -0.086          -0.049          -0.013
         -0.017          -0.064          -0.141          -0.225          -0.270          -0.253          -0.200          -0.142          -0.077          -0.022
         -0.031          -0.103          -0.197          -0.285          -0.333          -0.330          -0.297          -0.241          -0.152          -0.050
         -0.041          -0.134          -0.236          -0.319          -0.373          -0.406          -0.421          -0.382          -0.259          -0.088
         -0.068          -0.202          -0.315          -0.391          -0.456          -0.522          -0.574          -0.566          -0.432          -0.162
         -0.096          -0.264          -0.371          -0.423          -0.470          -0.532          -0.600          -0.662          -0.614          -0.270
         -0.112          -0.227          -0.182          -0.080           0.003           0.030           0.002          -0.107          -0.280          -0.185
          0.407           1.156           1.722           2.087           2.311           2.430           2.469           2.403           1.998           0.833
         -0.012          -0.038          -0.053          -0.058          -0.072          -0.094          -0.102          -0.084          -0.053          -0.017
         -0.015          -0.055          -0.093          -0.117          -0.137          -0.148          -0.143          -0.118          -0.072          -0.022
         -0.014          -0.058          -0.123          -0.178          -0.196          -0.170          -0.131          -0.096          -0.054          -0.015
         -0.018          -0.069          -0.149          -0.232          -0.277          -0.261          -0.212          -0.153          -0.084          -0.024
         -0.031          -0.106          -0.202          -0.292          -0.343          -0.345          -0.314          -0.257          -0.160          -0.051
         -0.042          -0.138          -0.245          -0.333          -0.392          -0.431          -0.447          -0.406          -0.276          -0.094
         -0.067          -0.203          -0.321          -0.405          -0.477          -0.548          -0.603          -0.598          -0.460          -0.174
         -0.095          -0.264          -0.373          -0.429          -0.479          -0.542          -0.614          -0.683          -0.640          -0.283
         -0.109          -0.215          -0.162          -0.054           0.036           0.070           0.047          -0.065          -0.255          -0.179
          0.406           1.159           1.739           2.120           2.359           2.489           2.536           2.472           2.061           0.861
         -0.011          -0.036          -0.053          -0.060          -0.074          -0.094          -0.100          -0.082          -0.050          -0.016
         -0.015          -0.056          -0.095          -0.122          -0.142          -0.153          -0.147          -0.119          -0.072          -0.021
         -0.015          -0.062          -0.126          -0.182          -0.202          -0.181          -0.144          -0.106          -0.059          -0.016
         -0.019          -0.074          -0.156          -0.239          -0.283          -0.270          -0.223          -0.164          -0.091          -0.026
         -0.031          -0.109          -0.208          -0.300          -0.352          -0.358          -0.331          -0.272          -0.169          -0.053
         -0.042          -0.142          -0.253          -0.346          -0.410          -0.453          -0.471          -0.429          -0.292          -0.099
         -0.066          -0.204          -0.327          -0.417          -0.495          -0.571          -0.630          -0.628          -0.488          -0.186
         -0.095          -0.264          -0.374          -0.433          -0.484          -0.549          -0.625          -0.700          -0.662          -0.295
         -0.106          -0.205          -0.144          -0.028           0.067           0.110           0.093          -0.022          -0.228          -0.172
          0.405           1.161           1.753           2.148           2.399           2.541           2.595           2.533           2.117           0.886
         -0.010          -0.034          -0.052          -0.062          -0.076          -0.094          -0.098          -0.080          -0.048          -0.015
         -0.015          -0.056          -0.097          -0.126          -0.148          -0.158          -0.150          -0.120          -0.071          -0.021
         -0.016          -0.064          -0.130          -0.186          -0.208          -0.191          -0.155          -0.115          -0.064          -0.017
         -0.020          -0.078          -0.162          -0.244          -0.288          -0.278          -0.234          -0.174          -0.097          -0.028
         -0.031          -0.111          -0.213          -0.306          -0.362          -0.372          -0.347          -0.286          -0.177          -0.056
         -0.043          -0.145          -0.260          -0.357          -0.427          -0.475          -0.495          -0.451          -0.308          -0.104
         -0.066          -0.204          -0.331          -0.428          -0.511          -0.592          -0.655          -0.657          -0.514          -0.196
         -0.094          -0.262          -0.374          -0.435          -0.488          -0.553          -0.632          -0.713          -0.680          -0.305
         -0.103          -0.196          -0.126          -0.004           0.098           0.148           0.137           0.021          -0.201          -0.165
          0.403           1.161           1.762           2.169           2.432           2.585           2.647           2.587           2.166           0.908
         -0.009          -0.033          -0.052          -0.063          -0.078          -0.094          -0.097          -0.078          -0.046          -0.013
         -0.016          -0.056          -0.099          -0.130          -0.153          -0.162          -0.152          -0.121          -0.071          -0.021
         -0.017          -0.066          -0.133          -0.189          -0.214          -0.200          -0.166          -0.123          -0.068          -0.019
         -0.021          -0.081          -0.167          -0.250          -0.294          -0.287          -0.245          -0.184          -0.103          -0.029
         -0.032          -0.113          -0.218          -0.313          -0.371          -0.385          -0.363          -0.300          -0.186          -0.058
         -0.043          -0.147          -0.266          -0.367          -0.443          -0.495          -0.517          -0.474          -0.324          -0.110
         -0.065          -0.204          -0.335          -0.437          -0.526          -0.611          -0.679          -0.684          -0.538          -0.207
         -0.093          -0.260          -0.372          -0.435          -0.488          -0.554          -0.636          -0.723          -0.695          -0.313
         -0.101          -0.187          -0.111           0.018           0.127           0.185           0.180           0.064          -0.173          -0.157
          0.401           1.160           1.769           2.187           2.461           2.623           2.692           2.634           2.210           0.928
         -0.009          -0.031          -0.051          -0.065          -0.080          -0.094          -0.095          -0.076          -0.044          -0.012
         -0.016          -0.056          -0.100          -0.134          -0.157          -0.166          -0.155          -0.122          -0.070          -0.020
         -0.018          -0.068          -0.136          -0.193          -0.219          -0.209          -0.175          -0.130          -0.071          -0.020
         -0.022          -0.085          -0.172          -0.255          -0.300          -0.295          -0.256          -0.193          -0.109          -0.031
         -0.032          -0.116          -0.222          -0.319          -0.380          -0.397          -0.378          -0.314          -0.194          -0.060
         -0.044          -0.150          -0.271          -0.377          -0.457          -0.514          -0.539          -0.495          -0.340          -0.115
         -0.065          -0.204          -0.338          -0.445          -0.539          -0.629          -0.701          -0.710          -0.562          -0.216
         -0.092          -0.258          -0.370          -0.433          -0.487          -0.554          -0.638          -0.729          -0.708          -0.321
         -0.099          -0.180          -0.096           0.039           0.155           0.221           0.222           0.105          -0.145          -0.149
          0.399           1.158           1.773           2.201           2.484           2.656           2.732           2.676           2.248           0.945
         -0.008          -0.030          -0.051          -0.066          -0.081          -0.094          -0.094          -0.074          -0.042          -0.012
         -0.016          -0.056          -0.102          -0.137          -0.161          -0.170          -0.158          -0.123          -0.070          -0.020
         -0.018          -0.070          -0.138          -0.196          -0.224          -0.217          -0.184          -0.137          -0.075          -0.020
         -0.023          -0.087          -0.176          -0.259          -0.305          -0.303          -0.266          -0.202          -0.114          -0.032
         -0.032          -0.118          -0.226          -0.325          -0.388          -0.410          -0.393          -0.328          -0.202          -0.062
         -0.044          -0.152          -0.277          -0.386          -0.471          -0.532          -0.560          -0.516          -0.355          -0.120
         -0.064          -0.204          -0.341          -0.452          -0.551          -0.645          -0.721          -0.734          -0.584          -0.226
         -0.091          -0.255          -0.367          -0.431          -0.485          -0.551          -0.637          -0.733          -0.718          -0.327
         -0.097          -0.173          -0.083           0.059           0.182           0.255           0.262           0.145          -0.118          -0.140
          0.398           1.156           1.776           2.212           2.504           2.684           2.767           2.713           2.282           0.961
         -0.008          -0.029          -0.050          -0.066          -0.082          -0.094          -0.093          -0.073          -0.040          -0.011
         -0.015          -0.057          -0.103          -0.140          -0.165          -0.173          -0.160          -0.124          -0.069          -0.019
         -0.019          -0.072          -0.141          -0.200          -0.229          -0.224          -0.193          -0.143          -0.078          -0.021
         -0.024          -0.090          -0.180          -0.263          -0.310          -0.311          -0.276          -0.211          -0.119          -0.034
         -0.033          -0.119          -0.230          -0.330          -0.396          -0.421          -0.407          -0.341          -0.210          -0.064
         -0.044          -0.154          -0.281          -0.394          -0.483          -0.549          -0.580          -0.537          -0.370          -0.125
         -0.064          -0.204          -0.343          -0.458          -0.561          -0.659          -0.740          -0.757          -0.604          -0.234
         -0.090          -0.253          -0.363          -0.427          -0.481          -0.547          -0.634          -0.735          -0.725          -0.332
         -0.096          -0.168          -0.071           0.077           0.207           0.288           0.301           0.185          -0.091          -0.132
          0.396           1.154           1.778           2.221           2.521           2.709           2.797           2.746           2.312           0.974
         -0.007          -0.028          -0.050          -0.067          -0.083          -0.094          -0.091          -0.071          -0.039          -0.010
         -0.015          -0.057          -0.104          -0.143          -0.168          -0.177          -0.162          -0.124          -0.069          -0.019
         -0.019          -0.073          -0.143          -0.203          -0.234          -0.231          -0.200          -0.149          -0.081          -0.022
         -0.024          -0.092          -0.184          -0.267          -0.316          -0.319          -0.286          -0.220          -0.123          -0.035
         -0.033          -0.121          -0.234          -0.335          -0.404          -0.433          -0.421          -0.354          -0.218          -0.066
         -0.044          -0.155          -0.285          -0.401          -0.495          -0.565          -0.600          -0.556          -0.384          -0.130
         -0.063          -0.204          -0.345          -0.463          -0.570          -0.672          -0.757          -0.778          -0.623          -0.242
         -0.089          -0.250          -0.359          -0.423          -0.476          -0.541          -0.629          -0.734          -0.731          -0.337
         -0.095          -0.163          -0.060           0.094           0.230           0.319           0.338           0.222          -0.065          -0.123
          0.395           1.152           1.779           2.227           2.535           2.731           2.825           2.775           2.338           0.986
         -0.007          -0.027          -0.050          -0.068          -0.083          -0.094          -0.091          -0.070          -0.037          -0.010
         -0.015          -0.056          -0.105          -0.145          -0.172          -0.180          -0.165          -0.125          -0.069          -0.019
         -0.020          -0.074          -0.145          -0.206          -0.239          -0.237          -0.207          -0.154          -0.083          -0.022
         -0.025          -0.094          -0.187          -0.271          -0.321          -0.327          -0.295          -0.228          -0.128          -0.036
         -0.033          -0.123          -0.237          -0.341          -0.412          -0.445          -0.435          -0.367          -0.225          -0.068
         -0.045          -0.157          -0.289          -0.408          -0.506          -0.581          -0.619          -0.576          -0.399          -0.135
         -0.063          -0.203          -0.346          -0.467          -0.577          -0.683          -0.773          -0.797          -0.641          -0.250
         -0.089          -0.247          -0.355          -0.418          -0.470          -0.534          -0.623          -0.732          -0.735          -0.340
         -0.094          -0.158          -0.050           0.109           0.252           0.348           0.373           0.258          -0.039          -0.115
          0.393           1.150           1.779           2.233           2.547           2.750           2.849           2.800           2.361           0.997
         -0.007          -0.026          -0.049          -0.068          -0.084          -0.094          -0.090          -0.068          -0.036          -0.009
         -0.015          -0.056          -0.106          -0.147          -0.174          -0.183          -0.167          -0.126          -0.068          -0.018
         -0.020          -0.076          -0.147          -0.209          -0.243          -0.244          -0.214          -0.159          -0.085          -0.023
         -0.025          -0.096          -0.190          -0.275          -0.326          -0.335          -0.305          -0.236          -0.132          -0.037
         -0.034          -0.124          -0.240          -0.345          -0.420          -0.456          -0.449          -0.379          -0.233          -0.071
         -0.045          -0.158          -0.292          -0.414          -0.516          -0.595          -0.636          -0.594          -0.412          -0.140
         -0.063          -0.203          -0.347          -0.471          -0.584          -0.693          -0.787          -0.814          -0.657          -0.257
         -0.088          -0.244          -0.351          -0.413          -0.464          -0.526          -0.615          -0.728          -0.737          -0.343
         -0.093          -0.154          -0.041           0.123           0.272           0.376           0.407           0.293          -0.015          -0.107
          0.392           1.147           1.779           2.237           2.557           2.767           2.870           2.823           2.382           1.006
         -0.006          -0.025          -0.049          -0.069          -0.085          -0.094          -0.089          -0.067          -0.035          -0.009
         -0.015          -0.056          -0.107          -0.149          -0.177          -0.185          -0.169          -0.127          -0.068          -0.018
         -0.020          -0.076          -0.149          -0.212          -0.248          -0.250          -0.221          -0.164          -0.088          -0.023
         -0.026          -0.098          -0.193          -0.278          -0.331          -0.342          -0.314          -0.244          -0.136          -0.038
         -0.034          -0.126          -0.243          -0.350          -0.427          -0.467          -0.462          -0.392          -0.241          -0.073
         -0.045          -0.159          -0.295          -0.420          -0.526          -0.609          -0.654          -0.612          -0.426          -0.145
         -0.062          -0.203          -0.348          -0.474          -0.589          -0.702          -0.800          -0.830          -0.672          -0.263
         -0.087          -0.242          -0.347          -0.407          -0.456          -0.517          -0.607          -0.723          -0.738          -0.345
         -0.093          -0.151          -0.034           0.136           0.292           0.402           0.439           0.325           0.009          -0.099
          0.391           1.145           1.778           2.240           2.566           2.781           2.889           2.843           2.399           1.014
         -0.006          -0.025          -0.048          -0.069          -0.085          -0.094          -0.088          -0.066          -0.034          -0.008
         -0.015          -0.056          -0.107          -0.151          -0.180          -0.188          -0.170          -0.127          -0.068          -0.018
         -0.020          -0.077          -0.151          -0.215          -0.252          -0.255          -0.227          -0.168          -0.090          -0.024
         -0.026          -0.099          -0.195          -0.282          -0.336          -0.350          -0.323          -0.251          -0.141          -0.039
         -0.034          -0.127          -0.246          -0.354          -0.434          -0.477          -0.475          -0.404          -0.248          -0.075
         -0.045          -0.160          -0.298          -0.426          -0.535          -0.622          -0.670          -0.629          -0.438          -0.149
         -0.062          -0.202          -0.348          -0.476          -0.594          -0.710          -0.811          -0.845          -0.686          -0.269
         -0.086          -0.239          -0.343          -0.402          -0.449          -0.508          -0.597          -0.716          -0.737          -0.347
         -0.092          -0.148          -0.026           0.148           0.310           0.427           0.469           0.357           0.031          -0.092
          0.390           1.144           1.777           2.243           2.573           2.794           2.907           2.861           2.415           1.022
         -0.006          -0.024          -0.048          -0.069          -0.086          -0.094          -0.088          -0.065          -0.033          -0.008
         -0.015          -0.056          -0.108          -0.153          -0.182          -0.190          -0.172          -0.128          -0.068          -0.018
         -0.021          -0.078          -0.153          -0.217          -0.256          -0.261          -0.232          -0.173          -0.092          -0.024
         -0.026          -0.100          -0.198          -0.285          -0.341          -0.357          -0.331          -0.259          -0.144          -0.040
         -0.035          -0.128          -0.248          -0.359          -0.441          -0.488          -0.488          -0.415          -0.255          -0.077
         -0.045          -0.161          -0.301          -0.431          -0.543          -0.635          -0.686          -0.646          -0.451          -0.154
         -0.062          -0.202          -0.349          -0.478          -0.598          -0.716          -0.821          -0.858          -0.699          -0.274
         -0.085          -0.237          -0.338          -0.396          -0.441          -0.498          -0.587          -0.709          -0.736          -0.348
         -0.092          -0.146          -0.020           0.160           0.326           0.450           0.498           0.386           0.053          -0.085
          0.390           1.142           1.776           2.245           2.580           2.806           2.922           2.877           2.429           1.028
         -0.005          -0.023          -0.048          -0.070          -0.086          -0.094          -0.087          -0.064          -0.032          -0.007
         -0.015          -0.056          -0.109          -0.154          -0.185          -0.193          -0.174          -0.129          -0.067          -0.017
         -0.021          -0.079          -0.154          -0.220          -0.260          -0.266          -0.238          -0.177          -0.093          -0.024
         -0.027          -0.102          -0.200          -0.288          -0.346          -0.365          -0.340          -0.266          -0.148          -0.041
         -0.035          -0.130          -0.251          -0.363          -0.448          -0.498          -0.500          -0.427          -0.263          -0.079
         -0.045          -0.162          -0.303          -0.435          -0.551          -0.646          -0.701          -0.662          -0.463          -0.158
         -0.061          -0.201          -0.349          -0.479          -0.602          -0.722          -0.830          -0.870          -0.710          -0.279
         -0.085          -0.235          -0.334          -0.390          -0.432          -0.487          -0.576          -0.700          -0.734          -0.349
         -0.091          -0.143          -0.014           0.170           0.342           0.472           0.524           0.414           0.073          -0.078
          0.389           1.140           1.775           2.247           2.585           2.816           2.936           2.891           2.442           1.034
         -0.005          -0.023          -0.048          -0.070          -0.087          -0.094          -0.087          -0.063          -0.031          -0.007
         -0.015          -0.056          -0.109          -0.156          -0.187          -0.195          -0.176          -0.129          -0.067          -0.017
         -0.021          -0.080          -0.156          -0.222          -0.263          -0.271          -0.243          -0.180          -0.095          -0.025
         -0.027          -0.103          -0.202          -0.292          -0.351          -0.372          -0.348          -0.273          -0.152          -0.041
         -0.035          -0.131          -0.253          -0.367          -0.455          -0.508          -0.512          -0.438          -0.270          -0.081
         -0.046          -0.163          -0.305          -0.440          -0.558          -0.658          -0.716          -0.677          -0.474          -0.162
         -0.061          -0.201          -0.349          -0.481          -0.604          -0.727          -0.838          -0.881          -0.721          -0.284
         -0.084          -0.232          -0.330          -0.384          -0.424          -0.476          -0.565          -0.692          -0.731          -0.349
         -0.091          -0.141          -0.009           0.179           0.357           0.492           0.550           0.440           0.093          -0.071
          0.388           1.139           1.774           2.248           2.590           2.825           2.948           2.903           2.453           1.039
         -0.005          -0.023          -0.047          -0.070          -0.087          -0.094          -0.086          -0.062          -0.030          -0.007
         -0.015          -0.056          -0.110          -0.157          -0.189          -0.197          -0.177          -0.130          -0.067          -0.017
         -0.021          -0.080          -0.157          -0.225          -0.267          -0.276          -0.248          -0.184          -0.097          -0.025
         -0.027          -0.104          -0.204          -0.295          -0.356          -0.379          -0.356          -0.280          -0.156          -0.042
         -0.035          -0.132          -0.255          -0.371          -0.461          -0.518          -0.524          -0.449          -0.277          -0.083
         -0.046          -0.163          -0.307          -0.444          -0.565          -0.668          -0.730          -0.692          -0.485          -0.165
         -0.061          -0.200          -0.348          -0.481          -0.606          -0.731          -0.845          -0.890          -0.730          -0.288
         -0.084          -0.230          -0.326          -0.377          -0.415          -0.465          -0.553          -0.682          -0.727          -0.349
         -0.091          -0.140          -0.004           0.188           0.371           0.512           0.574           0.465           0.111          -0.065
          0.388           1.137           1.774           2.249           2.595           2.833           2.959           2.915           2.462           1.043
         -0.005          -0.022          -0.047          -0.070          -0.087          -0.094          -0.086          -0.062          -0.029          -0.006
         -0.015          -0.056          -0.110          -0.159          -0.191          -0.199          -0.179          -0.131          -0.067          -0.017
         -0.021          -0.081          -0.158          -0.227          -0.271          -0.281          -0.253          -0.188          -0.098          -0.025
         -0.028          -0.105          -0.206          -0.298          -0.361          -0.386          -0.364          -0.286          -0.159          -0.043
         -0.036          -0.133          -0.258          -0.375          -0.468          -0.527          -0.536          -0.460          -0.283          -0.085
         -0.046          -0.164          -0.309          -0.447          -0.572          -0.678          -0.743          -0.706          -0.495          -0.169
         -0.061          -0.200          -0.348          -0.482          -0.608          -0.734          -0.851          -0.899          -0.739          -0.292
         -0.083          -0.228          -0.322          -0.371          -0.407          -0.454          -0.541          -0.673          -0.723          -0.349
         -0.091          -0.138          -0.000           0.196           0.384           0.530           0.596           0.488           0.128          -0.059
          0.387           1.136           1.773           2.250           2.598           2.841           2.970           2.925           2.471           1.047
