          0.074          -0.026          -0.030          -0.018          -0.000           0.130          -0.033          -0.025           0.114          -0.120
          0.081           0.101          -0.194           0.010           0.031           0.334          -0.056          -0.055           0.158          -0.224
         -0.063           0.346          -0.278           0.131          -0.063           0.229          -0.025           0.136          -0.009          -0.121
         -0.113           0.293          -0.127           0.241          -0.087           0.022          -0.035           0.211          -0.105           0.040
         -0.020           0.086           0.089           0.199           0.119          -0.173          -0.060           0.103          -0.023           0.039
         -0.025           0.057           0.193           0.195           0.110          -0.289           0.022           0.034           0.134          -0.089
          0.017           0.048           0.145           0.214           0.008          -0.215           0.157          -0.056           0.040          -0.070
          0.055           0.027           0.103           0.116           0.145          -0.222           0.155          -0.073          -0.041          -0.061
          0.053           0.078           0.140          -0.023           0.191          -0.197           0.200          -0.175          -0.105          -0.056
          0.063           0.053           0.091          -0.059           0.055          -0.071           0.153          -0.135          -0.130           0.006
          0.054          -0.014          -0.038          -0.018           0.000           0.101          -0.029          -0.025           0.074          -0.101
          0.059           0.081          -0.176          -0.008           0.021           0.260          -0.053          -0.057           0.089          -0.202
         -0.052           0.261          -0.232           0.077          -0.062           0.168          -0.040           0.079          -0.041          -0.139
         -0.096           0.226          -0.105           0.173          -0.084          -0.020          -0.063           0.131          -0.118          -0.021
         -0.025           0.080           0.071           0.169           0.067          -0.188          -0.097           0.041          -0.065          -0.028
         -0.009           0.063           0.171           0.175           0.063          -0.281          -0.037          -0.019           0.037          -0.140
          0.053           0.073           0.151           0.187          -0.002          -0.221           0.077          -0.096          -0.048          -0.154
          0.129           0.084           0.126           0.119           0.108          -0.208           0.091          -0.118          -0.132          -0.184
          0.212           0.142           0.155           0.014           0.148          -0.168           0.134          -0.176          -0.199          -0.257
          0.160           0.088           0.092          -0.030           0.044          -0.058           0.107          -0.114          -0.155          -0.132
          0.044          -0.003          -0.036          -0.014           0.005           0.083          -0.022          -0.021           0.048          -0.082
          0.057           0.077          -0.146          -0.008           0.025           0.213          -0.041          -0.049           0.047          -0.173
         -0.021           0.218          -0.175           0.058          -0.042           0.137          -0.034           0.050          -0.052          -0.134
         -0.054           0.202          -0.060           0.147          -0.060          -0.030          -0.064           0.086          -0.113          -0.047
          0.006           0.104           0.089           0.169           0.052          -0.175          -0.104           0.009          -0.083          -0.062
          0.036           0.100           0.185           0.183           0.050          -0.251          -0.062          -0.046          -0.025          -0.164
          0.110           0.124           0.183           0.192           0.010          -0.203           0.030          -0.118          -0.113          -0.209
          0.211           0.157           0.169           0.142           0.097          -0.180           0.050          -0.147          -0.208          -0.285
          0.346           0.220           0.187           0.056           0.127          -0.137           0.088          -0.176          -0.279          -0.429
          0.236           0.127           0.100          -0.003           0.040          -0.046           0.074          -0.100          -0.180          -0.248
          0.037           0.005          -0.033          -0.011           0.008           0.068          -0.017          -0.019           0.029          -0.067
          0.056           0.074          -0.118          -0.006           0.028           0.175          -0.031          -0.043           0.017          -0.149
          0.004           0.187          -0.128           0.047          -0.025           0.112          -0.030           0.028          -0.062          -0.129
         -0.019           0.187          -0.023           0.130          -0.040          -0.036          -0.064           0.049          -0.112          -0.067
          0.033           0.127           0.109           0.170           0.044          -0.161          -0.108          -0.018          -0.101          -0.089
          0.075           0.136           0.201           0.192           0.044          -0.224          -0.080          -0.072          -0.079          -0.187
          0.157           0.174           0.215           0.200           0.022          -0.184          -0.008          -0.141          -0.173          -0.259
          0.278           0.226           0.212           0.166           0.092          -0.155           0.016          -0.173          -0.279          -0.378
          0.449           0.294           0.221           0.094           0.115          -0.111           0.053          -0.179          -0.351          -0.584
          0.291           0.165           0.112           0.019           0.039          -0.036           0.051          -0.090          -0.204          -0.347
          0.032           0.009          -0.029          -0.008           0.010           0.057          -0.013          -0.017           0.015          -0.056
          0.054           0.070          -0.094          -0.004           0.030           0.145          -0.024          -0.039          -0.006          -0.130
          0.023           0.165          -0.091           0.041          -0.012           0.092          -0.028           0.009          -0.072          -0.124
          0.009           0.177           0.008           0.118          -0.025          -0.039          -0.066           0.019          -0.115          -0.082
          0.057           0.146           0.127           0.171           0.038          -0.149          -0.111          -0.044          -0.120          -0.111
          0.106           0.169           0.218           0.199           0.041          -0.201          -0.095          -0.098          -0.127          -0.208
          0.196           0.220           0.245           0.210           0.033          -0.165          -0.038          -0.165          -0.229          -0.304
          0.331           0.289           0.253           0.190           0.093          -0.131          -0.011          -0.198          -0.347          -0.466
          0.525           0.363           0.257           0.128           0.111          -0.087           0.027          -0.184          -0.416          -0.724
          0.332           0.198           0.126           0.039           0.041          -0.027           0.034          -0.084          -0.226          -0.433
          0.027           0.012          -0.024          -0.006           0.011           0.047          -0.010          -0.015           0.005          -0.047
          0.053           0.067          -0.073          -0.002           0.031           0.120          -0.020          -0.037          -0.023          -0.114
          0.037           0.149          -0.060           0.037          -0.001           0.074          -0.028          -0.007          -0.080          -0.119
          0.032           0.171           0.033           0.111          -0.013          -0.041          -0.067          -0.007          -0.120          -0.094
          0.077           0.164           0.145           0.171           0.035          -0.138          -0.115          -0.067          -0.139          -0.129
          0.132           0.199           0.235           0.206           0.041          -0.181          -0.108          -0.122          -0.171          -0.228
          0.228           0.263           0.273           0.222           0.044          -0.148          -0.062          -0.189          -0.282          -0.346
          0.374           0.346           0.293           0.213           0.098          -0.109          -0.033          -0.220          -0.411          -0.548
          0.581           0.425           0.293           0.161           0.113          -0.065           0.008          -0.190          -0.474          -0.851
          0.360           0.228           0.140           0.057           0.044          -0.018           0.022          -0.080          -0.246          -0.507
          0.024           0.014          -0.020          -0.004           0.012           0.039          -0.008          -0.014          -0.002          -0.040
          0.052           0.065          -0.055           0.001           0.032           0.099          -0.017          -0.037          -0.035          -0.102
          0.047           0.137          -0.034           0.037           0.007           0.060          -0.028          -0.020          -0.087          -0.115
          0.049           0.167           0.055           0.107          -0.003          -0.042          -0.070          -0.030          -0.127          -0.104
          0.093           0.180           0.161           0.172           0.034          -0.128          -0.117          -0.088          -0.158          -0.145
          0.153           0.227           0.251           0.213           0.043          -0.163          -0.118          -0.146          -0.210          -0.246
          0.253           0.301           0.300           0.235           0.055          -0.130          -0.081          -0.212          -0.333          -0.385
          0.407           0.398           0.330           0.237           0.107          -0.087          -0.049          -0.241          -0.472          -0.627
          0.622           0.480           0.328           0.190           0.120          -0.044          -0.005          -0.196          -0.527          -0.966
          0.379           0.254           0.155           0.072           0.049          -0.010           0.014          -0.077          -0.263          -0.572
          0.022           0.015          -0.016          -0.003           0.012           0.033          -0.006          -0.014          -0.007          -0.035
          0.050           0.062          -0.040           0.004           0.031           0.082          -0.015          -0.037          -0.045          -0.092
          0.055           0.128          -0.013           0.037           0.013           0.048          -0.029          -0.032          -0.094          -0.111
          0.063           0.166           0.073           0.105           0.005          -0.042          -0.072          -0.049          -0.134          -0.111
          0.107           0.194           0.176           0.173           0.035          -0.118          -0.120          -0.108          -0.177          -0.158
          0.170           0.251           0.267           0.220           0.047          -0.146          -0.126          -0.169          -0.247          -0.264
          0.273           0.336           0.326           0.249           0.067          -0.113          -0.096          -0.235          -0.381          -0.423
          0.432           0.444           0.366           0.260           0.118          -0.067          -0.062          -0.260          -0.529          -0.701
          0.651           0.528           0.362           0.218           0.129          -0.024          -0.014          -0.202          -0.575          -1.072
          0.392           0.277           0.169           0.087           0.054          -0.002           0.009          -0.076          -0.279          -0.630
          0.019           0.015          -0.012          -0.001           0.012           0.028          -0.005          -0.014          -0.011          -0.030
          0.048           0.060          -0.027           0.007           0.031           0.069          -0.014          -0.038          -0.052          -0.083
          0.060           0.122           0.005           0.039           0.018           0.038          -0.031          -0.042          -0.100          -0.107
          0.074           0.166           0.089           0.104           0.012          -0.042          -0.075          -0.067          -0.142          -0.117
          0.119           0.207           0.190           0.174           0.036          -0.109          -0.123          -0.126          -0.195          -0.169
          0.184           0.273           0.282           0.226           0.053          -0.131          -0.133          -0.190          -0.281          -0.281
          0.290           0.367           0.350           0.263           0.080          -0.097          -0.108          -0.257          -0.427          -0.459
          0.452           0.484           0.400           0.284           0.132          -0.046          -0.070          -0.278          -0.583          -0.772
          0.672           0.569           0.394           0.245           0.141          -0.005          -0.019          -0.208          -0.618          -1.168
          0.400           0.295           0.182           0.099           0.060           0.006           0.006          -0.074          -0.293          -0.681
          0.017           0.015          -0.008           0.000           0.012           0.023          -0.005          -0.013          -0.014          -0.027
          0.047           0.059          -0.015           0.009           0.030           0.057          -0.014          -0.039          -0.057          -0.076
          0.064           0.118           0.020           0.041           0.022           0.030          -0.033          -0.051          -0.105          -0.104
          0.083           0.168           0.102           0.104           0.017          -0.041          -0.077          -0.082          -0.151          -0.122
          0.128           0.218           0.202           0.176           0.039          -0.100          -0.125          -0.143          -0.213          -0.179
          0.196           0.293           0.297           0.233           0.059          -0.117          -0.138          -0.211          -0.313          -0.297
          0.303           0.395           0.372           0.277           0.094          -0.080          -0.117          -0.277          -0.470          -0.494
          0.467           0.520           0.431           0.306           0.147          -0.026          -0.076          -0.294          -0.634          -0.840
          0.685           0.604           0.423           0.269           0.155           0.014          -0.021          -0.214          -0.657          -1.257
          0.405           0.310           0.195           0.111           0.066           0.013           0.004          -0.074          -0.305          -0.726
          0.016           0.015          -0.005           0.001           0.011           0.020          -0.004          -0.013          -0.016          -0.024
          0.045           0.057          -0.006           0.012           0.030           0.048          -0.014          -0.040          -0.060          -0.070
          0.067           0.115           0.033           0.044           0.025           0.024          -0.035          -0.060          -0.110          -0.101
          0.090           0.170           0.114           0.106           0.022          -0.040          -0.080          -0.095          -0.159          -0.125
          0.136           0.229           0.213           0.179           0.042          -0.092          -0.127          -0.159          -0.230          -0.188
          0.206           0.311           0.311           0.240           0.066          -0.103          -0.143          -0.230          -0.343          -0.312
          0.314           0.420           0.393           0.291           0.108          -0.064          -0.123          -0.297          -0.512          -0.527
          0.479           0.551           0.460           0.328           0.164          -0.006          -0.078          -0.309          -0.682          -0.905
          0.694           0.633           0.450           0.292           0.169           0.032          -0.021          -0.218          -0.693          -1.338
          0.407           0.323           0.206           0.122           0.073           0.021           0.004          -0.073          -0.316          -0.766
          0.015           0.015          -0.003           0.002           0.011           0.017          -0.004          -0.013          -0.017          -0.021
          0.043           0.056           0.002           0.015           0.029           0.040          -0.015          -0.042          -0.063          -0.065
          0.068           0.114           0.044           0.047           0.027           0.018          -0.038          -0.067          -0.114          -0.098
          0.095           0.172           0.125           0.108           0.027          -0.038          -0.083          -0.108          -0.167          -0.128
          0.142           0.238           0.224           0.181           0.047          -0.085          -0.130          -0.174          -0.246          -0.195
          0.214           0.327           0.324           0.247           0.075          -0.091          -0.147          -0.248          -0.371          -0.326
          0.322           0.442           0.413           0.305           0.122          -0.048          -0.127          -0.316          -0.551          -0.560
          0.487           0.579           0.486           0.349           0.181           0.013          -0.078          -0.322          -0.727          -0.966
          0.699           0.658           0.475           0.314           0.184           0.049          -0.018          -0.222          -0.725          -1.412
          0.408           0.333           0.216           0.131           0.079           0.027           0.005          -0.072          -0.325          -0.801
          0.013           0.015          -0.001           0.003           0.010           0.014          -0.004          -0.013          -0.018          -0.019
          0.042           0.056           0.010           0.018           0.028           0.033          -0.016          -0.043          -0.065          -0.061
          0.069           0.113           0.054           0.051           0.030           0.013          -0.041          -0.073          -0.117          -0.096
          0.099           0.174           0.134           0.110           0.031          -0.037          -0.085          -0.119          -0.175          -0.130
          0.148           0.247           0.233           0.184           0.051          -0.077          -0.132          -0.188          -0.262          -0.202
          0.220           0.341           0.336           0.254           0.083          -0.079          -0.150          -0.266          -0.398          -0.340
          0.329           0.462           0.431           0.319           0.137          -0.033          -0.130          -0.333          -0.589          -0.591
          0.494           0.602           0.511           0.370           0.199           0.032          -0.077          -0.334          -0.770          -1.024
          0.702           0.678           0.497           0.334           0.199           0.066          -0.015          -0.226          -0.755          -1.480
          0.407           0.341           0.225           0.140           0.085           0.034           0.006          -0.072          -0.333          -0.833
          0.012           0.015           0.001           0.004           0.010           0.012          -0.004          -0.014          -0.019          -0.017
          0.040           0.055           0.016           0.020           0.027           0.027          -0.017          -0.045          -0.066          -0.057
          0.070           0.112           0.062           0.054           0.031           0.009          -0.043          -0.079          -0.121          -0.093
          0.102           0.177           0.142           0.113           0.035          -0.036          -0.088          -0.129          -0.183          -0.132
          0.152           0.255           0.242           0.187           0.056          -0.070          -0.134          -0.201          -0.277          -0.208
          0.226           0.354           0.347           0.261           0.092          -0.067          -0.152          -0.282          -0.424          -0.353
          0.335           0.479           0.448           0.333           0.152          -0.017          -0.131          -0.350          -0.625          -0.622
          0.498           0.623           0.533           0.389           0.217           0.051          -0.073          -0.346          -0.811          -1.080
          0.703           0.695           0.517           0.352           0.214           0.082          -0.010          -0.229          -0.781          -1.542
          0.406           0.347           0.233           0.148           0.091           0.040           0.007          -0.071          -0.339          -0.861
          0.011           0.014           0.003           0.005           0.009           0.010          -0.004          -0.014          -0.019          -0.016
          0.039           0.054           0.021           0.022           0.027           0.023          -0.018          -0.046          -0.067          -0.053
          0.070           0.112           0.069           0.057           0.033           0.006          -0.046          -0.085          -0.123          -0.091
          0.105           0.180           0.150           0.116           0.039          -0.034          -0.091          -0.138          -0.190          -0.134
          0.156           0.262           0.250           0.191           0.061          -0.064          -0.136          -0.214          -0.292          -0.214
          0.230           0.366           0.358           0.269           0.102          -0.056          -0.154          -0.298          -0.448          -0.366
          0.340           0.495           0.464           0.347           0.167          -0.002          -0.132          -0.365          -0.660          -0.651
          0.502           0.640           0.553           0.408           0.235           0.070          -0.069          -0.356          -0.849          -1.132
          0.703           0.709           0.535           0.370           0.229           0.098          -0.005          -0.232          -0.806          -1.599
          0.405           0.351           0.240           0.155           0.096           0.045           0.009          -0.071          -0.345          -0.886
          0.011           0.014           0.005           0.006           0.009           0.009          -0.005          -0.014          -0.019          -0.015
          0.037           0.054           0.026           0.025           0.026           0.019          -0.019          -0.048          -0.067          -0.050
          0.069           0.112           0.076           0.061           0.034           0.003          -0.048          -0.090          -0.126          -0.089
          0.107           0.182           0.156           0.119           0.043          -0.032          -0.093          -0.147          -0.197          -0.135
          0.159           0.268           0.258           0.195           0.067          -0.057          -0.137          -0.225          -0.306          -0.219
          0.234           0.376           0.368           0.276           0.112          -0.045          -0.155          -0.313          -0.472          -0.379
          0.344           0.509           0.479           0.360           0.182           0.013          -0.131          -0.380          -0.693          -0.680
          0.504           0.656           0.571           0.425           0.253           0.088          -0.064          -0.365          -0.885          -1.181
          0.702           0.720           0.551           0.385           0.243           0.112           0.001          -0.235          -0.828          -1.651
          0.403           0.355           0.246           0.161           0.102           0.051           0.011          -0.071          -0.350          -0.908
          0.010           0.014           0.006           0.006           0.009           0.007          -0.005          -0.014          -0.019          -0.014
          0.036           0.054           0.030           0.027           0.026           0.015          -0.021          -0.049          -0.068          -0.048
          0.069           0.112           0.081           0.064           0.036           0.001          -0.051          -0.095          -0.128          -0.087
          0.108           0.185           0.162           0.122           0.046          -0.031          -0.096          -0.155          -0.204          -0.136
          0.162           0.274           0.264           0.199           0.073          -0.051          -0.139          -0.237          -0.319          -0.223
          0.238           0.385           0.377           0.283           0.122          -0.034          -0.156          -0.327          -0.494          -0.391
          0.347           0.521           0.492           0.373           0.197           0.028          -0.129          -0.394          -0.725          -0.708
          0.506           0.669           0.588           0.442           0.270           0.105          -0.058          -0.374          -0.919          -1.228
          0.701           0.729           0.564           0.400           0.257           0.126           0.007          -0.237          -0.848          -1.698
          0.401           0.358           0.251           0.167           0.107           0.056           0.013          -0.071          -0.354          -0.928
          0.009           0.014           0.007           0.007           0.008           0.006          -0.005          -0.014          -0.019          -0.013
          0.035           0.053           0.033           0.028           0.025           0.012          -0.022          -0.050          -0.068          -0.046
          0.069           0.113           0.086           0.067           0.037          -0.001          -0.053          -0.099          -0.131          -0.086
          0.109           0.187           0.168           0.126           0.050          -0.029          -0.098          -0.163          -0.210          -0.136
          0.164           0.279           0.271           0.203           0.078          -0.045          -0.141          -0.248          -0.332          -0.227
          0.241           0.394           0.386           0.291           0.132          -0.024          -0.157          -0.341          -0.516          -0.403
          0.350           0.532           0.505           0.385           0.212           0.042          -0.127          -0.407          -0.755          -0.734
          0.507           0.681           0.603           0.458           0.287           0.122          -0.051          -0.382          -0.951          -1.272
          0.699           0.737           0.576           0.413           0.270           0.140           0.013          -0.240          -0.866          -1.742
          0.399           0.359           0.255           0.172           0.111           0.060           0.016          -0.071          -0.358          -0.945
          0.009           0.014           0.008           0.007           0.008           0.005          -0.006          -0.014          -0.019          -0.012
          0.033           0.053           0.036           0.030           0.025           0.010          -0.023          -0.052          -0.068          -0.043
          0.068           0.113           0.091           0.069           0.038          -0.002          -0.056          -0.103          -0.133          -0.084
          0.110           0.189           0.173           0.129           0.053          -0.027          -0.101          -0.170          -0.216          -0.137
          0.166           0.284           0.277           0.207           0.084          -0.040          -0.143          -0.258          -0.344          -0.232
          0.243           0.402           0.394           0.298           0.142          -0.014          -0.158          -0.354          -0.537          -0.414
          0.352           0.542           0.516           0.397           0.226           0.056          -0.124          -0.419          -0.785          -0.760
          0.508           0.691           0.617           0.472           0.304           0.139          -0.045          -0.390          -0.981          -1.313
          0.697           0.743           0.587           0.425           0.282           0.153           0.020          -0.242          -0.883          -1.781
          0.398           0.361           0.259           0.177           0.116           0.065           0.018          -0.071          -0.361          -0.961
          0.008           0.014           0.009           0.008           0.008           0.004          -0.006          -0.014          -0.019          -0.011
          0.032           0.053           0.039           0.032           0.025           0.008          -0.025          -0.053          -0.068          -0.042
          0.067           0.114           0.095           0.072           0.039          -0.004          -0.058          -0.107          -0.134          -0.082
          0.110           0.191           0.178           0.132           0.056          -0.026          -0.103          -0.177          -0.222          -0.137
          0.167           0.289           0.282           0.212           0.090          -0.034          -0.145          -0.268          -0.356          -0.235
          0.245           0.408           0.402           0.306           0.152          -0.005          -0.158          -0.366          -0.557          -0.425
          0.354           0.551           0.527           0.409           0.241           0.070          -0.121          -0.431          -0.813          -0.785
          0.509           0.699           0.629           0.486           0.320           0.155          -0.038          -0.397          -1.010          -1.352
          0.696           0.747           0.596           0.436           0.294           0.165           0.026          -0.244          -0.899          -1.816
          0.396           0.362           0.262           0.181           0.120           0.069           0.019          -0.071          -0.363          -0.974
          0.008           0.013           0.009           0.008           0.008           0.004          -0.006          -0.015          -0.018          -0.010
          0.031           0.053           0.041           0.033           0.024           0.006          -0.026          -0.054          -0.068          -0.040
          0.067           0.114           0.098           0.075           0.040          -0.005          -0.060          -0.110          -0.136          -0.081
          0.111           0.194           0.182           0.135           0.059          -0.024          -0.105          -0.184          -0.228          -0.138
          0.169           0.293           0.288           0.216           0.096          -0.029          -0.146          -0.278          -0.368          -0.239
          0.247           0.415           0.409           0.313           0.162           0.005          -0.158          -0.378          -0.577          -0.436
          0.356           0.559           0.537           0.420           0.255           0.084          -0.118          -0.442          -0.840          -0.809
          0.509           0.707           0.640           0.500           0.335           0.170          -0.031          -0.404          -1.037          -1.388
          0.694           0.751           0.604           0.446           0.305           0.176           0.032          -0.247          -0.913          -1.849
          0.395           0.362           0.264           0.184           0.123           0.073           0.021          -0.071          -0.365          -0.986
          0.007           0.013           0.010           0.009           0.007           0.003          -0.006          -0.015          -0.018          -0.010
          0.030           0.053           0.043           0.035           0.024           0.005          -0.027          -0.055          -0.068          -0.038
          0.066           0.115           0.102           0.077           0.041          -0.006          -0.062          -0.114          -0.138          -0.080
          0.111           0.195           0.186           0.139           0.062          -0.023          -0.108          -0.190          -0.233          -0.138
          0.170           0.297           0.293           0.221           0.102          -0.024          -0.148          -0.287          -0.379          -0.243
          0.249           0.421           0.416           0.321           0.172           0.014          -0.158          -0.389          -0.596          -0.447
          0.357           0.566           0.547           0.431           0.269           0.097          -0.114          -0.453          -0.866          -0.832
          0.509           0.714           0.651           0.512           0.350           0.185          -0.024          -0.411          -1.062          -1.422
          0.692           0.755           0.611           0.456           0.316           0.187           0.037          -0.249          -0.926          -1.878
          0.393           0.363           0.267           0.187           0.127           0.076           0.023          -0.071          -0.367          -0.997
          0.007           0.013           0.011           0.009           0.007           0.002          -0.007          -0.015          -0.018          -0.009
          0.030           0.053           0.045           0.036           0.024           0.003          -0.028          -0.056          -0.068          -0.037
          0.065           0.115           0.105           0.080           0.042          -0.007          -0.064          -0.117          -0.139          -0.079
          0.111           0.197           0.190           0.142           0.066          -0.021          -0.110          -0.196          -0.238          -0.139
          0.171           0.300           0.297           0.225           0.108          -0.019          -0.149          -0.296          -0.389          -0.246
          0.250           0.426           0.423           0.328           0.181           0.023          -0.158          -0.400          -0.614          -0.457
          0.358           0.572           0.556           0.442           0.283           0.110          -0.110          -0.463          -0.891          -0.854
          0.509           0.720           0.660           0.524           0.364           0.199          -0.017          -0.418          -1.086          -1.454
          0.691           0.757           0.617           0.464           0.325           0.197           0.043          -0.251          -0.937          -1.905
          0.392           0.363           0.268           0.190           0.130           0.079           0.025          -0.072          -0.369          -1.006
          0.007           0.013           0.011           0.009           0.007           0.002          -0.007          -0.015          -0.018          -0.009
          0.029           0.053           0.046           0.037           0.024           0.002          -0.029          -0.057          -0.068          -0.036
          0.065           0.116           0.107           0.082           0.043          -0.007          -0.066          -0.120          -0.141          -0.077
          0.111           0.199           0.193           0.145           0.069          -0.020          -0.112          -0.202          -0.243          -0.139
          0.172           0.304           0.302           0.230           0.114          -0.014          -0.151          -0.304          -0.400          -0.250
          0.251           0.431           0.429           0.335           0.191           0.031          -0.157          -0.411          -0.632          -0.468
          0.359           0.578           0.564           0.452           0.296           0.122          -0.107          -0.473          -0.915          -0.876
          0.509           0.725           0.669           0.535           0.378           0.213          -0.010          -0.424          -1.109          -1.484
          0.689           0.759           0.623           0.472           0.335           0.206           0.048          -0.254          -0.948          -1.929
          0.391           0.363           0.270           0.193           0.133           0.082           0.026          -0.073          -0.371          -1.014
          0.006           0.013           0.011           0.010           0.007           0.002          -0.007          -0.015          -0.018          -0.008
          0.028           0.053           0.048           0.038           0.024           0.001          -0.030          -0.058          -0.067          -0.035
          0.064           0.116           0.110           0.084           0.044          -0.008          -0.068          -0.123          -0.142          -0.076
          0.111           0.201           0.196           0.148           0.072          -0.018          -0.114          -0.207          -0.248          -0.139
          0.172           0.307           0.306           0.235           0.120          -0.010          -0.153          -0.312          -0.410          -0.253
          0.253           0.435           0.435           0.343           0.201           0.040          -0.157          -0.421          -0.649          -0.477
          0.361           0.584           0.572           0.462           0.309           0.134          -0.103          -0.483          -0.938          -0.896
          0.509           0.729           0.676           0.545           0.391           0.226          -0.004          -0.430          -1.130          -1.512
          0.688           0.761           0.627           0.479           0.343           0.215           0.053          -0.256          -0.959          -1.951
          0.390           0.363           0.271           0.195           0.136           0.085           0.027          -0.073          -0.372          -1.022
          0.006           0.013           0.012           0.010           0.007           0.001          -0.008          -0.015          -0.017          -0.008
          0.027           0.053           0.049           0.039           0.024           0.000          -0.031          -0.059          -0.067          -0.033
          0.064           0.117           0.112           0.086           0.045          -0.008          -0.070          -0.125          -0.143          -0.075
          0.111           0.202           0.200           0.152           0.075          -0.017          -0.116          -0.213          -0.253          -0.139
          0.173           0.309           0.310           0.239           0.126          -0.006          -0.154          -0.320          -0.420          -0.256
          0.254           0.439           0.441           0.350           0.210           0.048          -0.157          -0.431          -0.666          -0.487
          0.362           0.589           0.579           0.472           0.321           0.146          -0.099          -0.492          -0.960          -0.915
          0.509           0.734           0.683           0.555           0.404           0.238           0.002          -0.436          -1.150          -1.538
          0.687           0.762           0.632           0.485           0.352           0.224           0.057          -0.259          -0.968          -1.971
          0.389           0.362           0.272           0.197           0.138           0.088           0.029          -0.074          -0.373          -1.028
          0.006           0.013           0.012           0.010           0.007           0.001          -0.008          -0.016          -0.017          -0.007
          0.027           0.053           0.050           0.040           0.024          -0.001          -0.032          -0.060          -0.067          -0.032
          0.063           0.117           0.114           0.088           0.046          -0.009          -0.072          -0.128          -0.145          -0.074
          0.111           0.204           0.203           0.155           0.078          -0.016          -0.118          -0.218          -0.257          -0.140
          0.174           0.312           0.314           0.244           0.131          -0.002          -0.156          -0.328          -0.429          -0.260
          0.255           0.443           0.446           0.357           0.219           0.056          -0.156          -0.441          -0.682          -0.497
          0.362           0.593           0.586           0.481           0.333           0.157          -0.096          -0.501          -0.981          -0.934
          0.509           0.737           0.690           0.564           0.416           0.250           0.008          -0.441          -1.169          -1.563
          0.686           0.764           0.635           0.491           0.359           0.232           0.061          -0.261          -0.977          -1.989
          0.389           0.362           0.273           0.198           0.140           0.090           0.030          -0.075          -0.374          -1.034
          0.006           0.013           0.012           0.010           0.007           0.001          -0.008          -0.016          -0.017          -0.007
          0.026           0.053           0.051           0.041           0.024          -0.001          -0.033          -0.061          -0.067          -0.032
          0.063           0.118           0.116           0.090           0.047          -0.009          -0.073          -0.131          -0.146          -0.074
          0.111           0.205           0.205           0.158           0.080          -0.014          -0.120          -0.223          -0.261          -0.140
          0.174           0.315           0.318           0.249           0.137           0.003          -0.157          -0.336          -0.439          -0.263
          0.256           0.447           0.452           0.364           0.229           0.063          -0.156          -0.450          -0.697          -0.506
          0.363           0.597           0.593           0.490           0.345           0.168          -0.092          -0.510          -1.002          -0.952
          0.509           0.741           0.696           0.573           0.427           0.262           0.013          -0.447          -1.187          -1.585
          0.685           0.765           0.638           0.496           0.366           0.239           0.065          -0.263          -0.985          -2.006
          0.388           0.362           0.273           0.200           0.143           0.092           0.031          -0.075          -0.375          -1.039
          0.005           0.013           0.013           0.010           0.007           0.000          -0.008          -0.016          -0.017          -0.007
          0.026           0.053           0.052           0.042           0.024          -0.002          -0.034          -0.062          -0.067          -0.031
          0.062           0.118           0.118           0.092           0.048          -0.009          -0.075          -0.133          -0.147          -0.073
          0.111           0.206           0.208           0.161           0.083          -0.013          -0.122          -0.227          -0.266          -0.140
          0.175           0.317           0.322           0.254           0.143           0.006          -0.158          -0.343          -0.448          -0.266
          0.257           0.450           0.457           0.371           0.237           0.071          -0.156          -0.459          -0.713          -0.515
          0.364           0.601           0.599           0.499           0.357           0.179          -0.089          -0.519          -1.021          -0.969
          0.509           0.744           0.702           0.581           0.438           0.272           0.018          -0.452          -1.204          -1.606
          0.684           0.765           0.641           0.501           0.373           0.246           0.069          -0.266          -0.992          -2.021
          0.388           0.362           0.274           0.201           0.144           0.094           0.032          -0.076          -0.376          -1.043
          0.005           0.013           0.013           0.011           0.007           0.000          -0.009          -0.016          -0.017          -0.006
          0.025           0.053           0.053           0.042           0.024          -0.002          -0.035          -0.063          -0.067          -0.030
          0.062           0.119           0.120           0.093           0.049          -0.009          -0.077          -0.135          -0.148          -0.072
          0.111           0.208           0.211           0.164           0.086          -0.012          -0.124          -0.232          -0.270          -0.141
          0.176           0.319           0.326           0.258           0.148           0.010          -0.160          -0.350          -0.456          -0.269
          0.258           0.454           0.462           0.378           0.246           0.078          -0.155          -0.468          -0.728          -0.523
          0.365           0.605           0.605           0.508           0.368           0.189          -0.086          -0.527          -1.040          -0.985
          0.509           0.746           0.707           0.589           0.448           0.283           0.023          -0.458          -1.220          -1.626
          0.683           0.766           0.644           0.506           0.379           0.253           0.072          -0.269          -0.999          -2.035
          0.387           0.362           0.275           0.202           0.146           0.096           0.033          -0.077          -0.377          -1.047
